21.3
21.6
17.9
21.0
17.2
16.2
19.1
15.7
19.3
18.4
17.3
20.4
19.3
18.5
14.9
17.1
18.7
15.9
17.7
16.9
20.4
17.9
20.7
16.4
15.6
19.1
19.9
22.4
19.5
18.6
19.3
23.7
21.0
14.8
19.5
15.0
23.1
16.4
18.8
19.5
20.2
16.9
17.6
17.1
20.3
18.7
19.9
20.7
16.5
22.3
18.5
17.1
19.3
18.3
18.9
19.2
17.6
18.2
17.9
20.0
17.8
19.0
20.8
24.5
21.8
16.5
18.8
17.3
18.9
19.3
19.0
18.4
20.4
20.8
16.0
18.4
16.5
19.0
19.3
20.6
20.9
18.4
21.5
17.4
20.2
14.4
17.6
19.6
18.2
20.4
18.6
21.0
16.1
18.5
16.3
19.5
19.0
18.7
21.6
21.7
17.6
20.2
20.1
17.0
24.2
18.9
18.6
19.9
20.1
16.7
20.7
19.1
17.7
20.4
18.8
19.9
22.0
16.0
18.4
21.3
19.1
19.7
20.1
17.3
17.4
18.9
17.2
21.3
19.0
19.7
18.9
19.9
16.1
17.8
17.4
18.1
18.0
18.4
21.0
17.2
17.1
16.2
18.1
18.8
21.1
19.6
16.0
17.6
18.1
16.9
19.1
20.5
18.4
18.3
19.8
20.8
18.2
15.7
20.4
18.8
19.4
17.3
18.4
16.6
18.1
20.5
22.2
20.0
18.0
18.2
20.9
18.5
20.7
17.8
19.9
18.3
17.2
19.2
17.6
18.6
17.4
22.0
19.6
18.3
20.5
18.6
19.9
19.7
17.0
19.3
16.8
21.1
17.2
21.1
18.2
19.2
18.7
18.3
22.1
18.7
17.0
17.5
18.6
19.0
17.0
19.1
18.2
21.2
19.8
20.8
18.7
15.9
17.5
20.0
16.5
21.0
18.4
17.2
17.4
16.5
17.8
20.3
20.2
18.0
15.9
18.9
20.1
20.5
19.4
20.8
24.5
18.4
20.7
19.4
18.5
18.6
18.7
19.6
19.9
20.2
17.6
20.1
20.9
19.4
18.3
16.1
20.1
21.6
18.0
20.4
21.0
18.8
16.5
18.3
18.9
20.4
20.0
19.9
19.7
20.0
19.3
18.4
21.8
16.3
16.7
17.5
18.6
20.0
21.2
19.0
19.7
20.3
17.1
18.0
16.8
19.3
18.4
19.2
26.3
16.2
23.0
19.0
15.5
17.6
22.2
19.7
20.6
17.0
20.1
18.1
17.2
18.6
18.4
20.0
20.5
19.3
20.0
18.8
21.8
17.2
20.6
18.5
18.2
18.5
19.9
20.5
22.4
17.6
18.5
20.0
18.6
18.6
18.4
18.5
17.5
18.0
19.4
17.6
17.2
16.4
19.2
18.1
20.1
19.0
19.7
20.1
20.4
20.6
18.8
21.1
19.0
17.8
18.0
19.1
19.7
19.2
19.9
19.4
17.1
20.0
19.1
19.9
22.3
20.6
20.0
16.9
19.5
18.8
19.1
19.7
19.2
17.6
18.6
19.8
21.3
17.8
18.4
20.4
21.0
17.3
17.6
19.2
17.7
23.4
19.5
19.8
18.5
15.9
18.8
19.1
19.5
20.4
18.8
17.6
17.6
18.3
17.2
18.4
20.0
18.1
19.4
17.7
19.5
16.7
18.0
18.2
17.9
17.9
18.2
19.2
16.5
17.3
21.1
18.7
16.3
19.9
16.4
20.0
20.2
20.8
18.4
21.4
20.0
22.1
19.3
19.6
17.7
18.9
17.1
18.9
20.1
22.4
17.3
19.0
19.5
16.1
17.6
18.9
20.3
18.8
19.4
18.6
20.4
19.0
17.3
16.5
20.1
19.7
21.6
18.3
19.2
19.9
18.3
20.3
19.2
20.9
19.6
22.6
19.4
20.2
20.4
20.5
19.2
19.2
15.9
20.0
18.8
18.5
19.6
20.6
17.8
20.1
17.6
17.9
21.0
19.1
21.2
20.6
19.0
21.1
18.6
22.0
19.8
15.8
21.9
22.4
19.2
17.9
20.2
21.8
17.4
18.5
22.9
20.4
18.3
20.3
21.4
19.1
20.4
17.7
16.1
17.4
21.0
19.9
20.6
22.1
16.8
18.1
16.8
17.4
14.5
20.4
15.6
19.3
17.1
16.7
18.3
21.8
17.4
21.1
19.3
18.1
18.7
17.9
18.5
21.8
15.9
20.1
20.4
21.7
19.3
17.1
21.2
18.6
20.2
21.1
17.3
20.9
19.9
18.8
19.4
19.5
16.0
18.1
19.2
23.2
16.8
20.7
18.9
19.5
16.5
21.7
19.9
16.5
22.1
18.7
20.0
22.6
18.6
22.9
21.5
19.8
19.3
21.7
18.8
17.4
19.0
21.7
18.8
17.9
18.7
18.1
15.5
20.9
15.9
17.9
18.8
19.2
19.1
17.8
17.9
18.3
16.6
19.1
18.9
19.2
18.2
17.4
17.9
17.9
19.1
16.4
16.1
18.1
19.0
21.5
20.3
17.0
20.2
16.1
19.8
17.4
20.4
18.9
19.6
16.5
21.5
19.1
17.8
19.7
20.0
17.5
17.0
22.6
18.5
19.3
20.3
17.7
16.3
25.1
18.4
17.5
17.4
18.0
19.3
15.0
18.5
17.8
17.1
19.7
17.0
17.4
17.3
19.7
19.3
19.4
19.1
18.6
21.1
19.9
19.0
19.0
18.9
19.4
20.2
17.7
17.2
17.1
18.5
23.5
18.7
17.9
20.8
18.2
19.3
20.8
20.1
18.8
17.6
19.2
22.1
19.6
17.7
17.0
20.6
19.1
20.1
18.4
19.0
25.3
19.3
16.3
19.9
20.3
19.8
20.0
18.9
20.6
17.9
19.2
21.0
20.5
20.5
16.7
19.1
20.1
18.6
19.7
20.4
23.0
17.3
19.0
19.7
18.9
20.1
21.0
19.6
17.3
18.6
21.3
16.6
17.6
19.5
15.8
21.3
18.4
16.8
21.4
21.3
18.5
18.1
18.2
22.1
19.8
19.0
17.4
20.6
18.8
21.3
17.1
19.1
18.5
18.6
17.6
18.7
17.4
17.8
18.2
18.7
18.1
16.0
21.3
17.4
20.2
22.2
18.0
19.7
20.0
16.3
18.4
18.4
21.5
18.2
18.2
16.4
18.2
18.9
18.9
19.8
18.3
18.2
18.6
16.0
20.2
19.6
18.4
17.8
19.3
19.7
18.8
20.6
19.5
20.1
18.5
21.1
20.6
18.6
22.5
22.4
23.3
16.6
20.1
21.2
16.8
17.4
21.0
18.0
19.1
16.5
19.9
21.8
17.7
19.2
18.2
18.3
18.8
19.0
20.2
17.3
20.6
19.1
18.7
20.6
19.2
17.9
19.3
16.3
18.3
16.7
16.5
17.1
17.3
18.5
17.3
18.6
17.3
18.0
20.9
19.2
19.5
20.2
18.8
17.8
14.5
18.2
19.7
20.7
20.2
17.9
20.7
18.1
20.6
17.3
18.3
20.9
21.6
21.9
19.5
22.0
22.0
18.3
17.3
18.4
19.9
19.8
18.5
18.4
17.4
17.2
20.4
17.2
23.5
18.8
18.4
16.2
18.4
17.1
17.9
19.4
17.5
16.4
20.0
21.1
17.1
21.1
19.2
18.1
16.3
18.4
20.2
18.8
19.7
21.3
19.3
18.5
18.3
17.2
21.5
19.4
18.1
19.3
20.6
21.6
18.4
17.7
19.3
19.0
18.3
17.8
20.5
19.3
17.9
18.5
17.0
16.0
18.1
19.2
20.8
22.3
18.7
18.9
21.7
18.2
18.6
17.7
19.4
20.5
17.2
18.1
19.5
17.7
15.7
20.4
17.0
20.9
18.1
18.0
20.5
21.0
18.9
18.6
16.8
19.5
20.7
18.4
16.8
17.5
18.9
18.2
16.2
20.9
19.3
18.8
18.3
16.6
18.1
16.4
18.0
17.5
17.9
17.4
18.4
17.1
20.6
20.1
19.1
21.0
17.8
19.5
16.2
20.2
21.2
20.6
18.3
16.4
20.0
18.9
20.2
18.8
19.0
18.6
19.8
18.1
16.5
16.2
20.0
22.3
20.6
18.7
17.8
20.6
16.7
18.8
21.5
20.0
21.3
21.1
16.2
18.1
22.9
18.8
20.7
20.4
17.8
19.4
19.2
18.9
21.1
19.9
19.6
16.2
16.5
19.8
19.0
16.7
19.9
19.1
21.6
19.9
22.0
20.4
18.1
16.0
18.8
23.3
16.7
17.7
18.9
19.3
21.2
18.3
16.5
19.2
19.2
19.8
18.1
20.6
20.2
18.1
16.9
18.5
15.8
18.5
20.5
17.7
20.7
17.2
18.5
18.6
20.5
# Found 1000 complete reps.
# mean(depth) = 18.9976.
# std (depth) = 1.7009744971633172.
# sem (depth) = 0.053789536528957.
