0.00110918 9.64474
12778.8 0.223251
0.955107 4.38977
3258.68 0.160946
0.586002 0.886134
0.0228189 0.444293
112.138 1.33945
1280.43 1.01928
0.0773306 2.87725
0.0016835 4.08612
274.254 0.798082
2623.3 0.346107
0.146852 0.244162
1.22186 0.552386
385.524 0.392198
0.00519197 1.3421
0.0028004 0.610813
37.2254 4.06943
0.0853472 2.77346
0.261773 1.85013
0.210337 1.60283
9.8217e-05 0.692086
0.000110495 0.290249
7339.22 4.21151
0.00135186 2.39482
0.0884159 0.112786
930.615 8.26475
0.000431256 2.84478
0.262734 0.212203
0.000111598 1.35694
2579.51 0.107308
3.98612 7.16112
0.0977022 8.95498
7.44596 0.78283
40.1101 2.60096
954.035 0.501962
718.492 0.154865
0.209491 0.662617
0.00678249 0.567326
0.125462 0.550774
0.000424715 4.27652
0.000142385 0.963685
0.000315206 8.5719
0.0343574 1.28959
265.675 8.73015
0.00395561 0.917386
0.00321229 0.494109
1234.45 0.461456
1.88639 8.86133
236.411 6.4816
1268.02 1.52611
5.30628 1.49908
139.546 0.101383
26.5585 0.108904
0.00232845 0.742649
0.0995529 0.335925
2.17246 3.47428
434.649 9.3129
5.46783e-05 1.07539
0.0151501 0.317426
0.00502058 1.1622
6237.31 0.283949
1150.95 0.387926
1684.81 0.115643
0.0105642 3.27407
1.06295 7.25607
4.09298 0.492959
0.009314 5.70646
13084.6 0.255878
87.1947 0.218133
675.29 6.6154
80.1689 0.480456
0.0291169 0.318369
7.06639 0.465445
89.2979 0.570335
366.408 7.04483
0.000119561 2.28293
0.000129729 6.96791
1410.98 2.68708
0.0661738 0.114929
55.7062 0.385605
3694.67 2.00087
1.57598 0.677196
6.52048 1.92653
0.508295 3.62309
0.000239917 0.489298
0.0965857 2.96813
6.04914 0.390577
1942.15 5.0849
8.04552e-05 1.29949
0.000525561 0.823899
1450.89 0.12169
0.00158429 3.17931
14978.2 4.04552
0.000710845 5.25312
2685.72 0.879049
16941.7 0.392402
1.94448 0.102115
0.000364542 0.409859
0.0396427 0.100913
0.00282174 3.72129
368.314 0.102807
0.0553164 0.141256
3313.42 3.97863
21.1063 0.612629
146.4 0.424051
22.1603 0.458824
0.000157491 0.112614
4.82411 0.10666
0.581321 9.20247
1.0884 5.54449
0.578318 0.119176
22.1279 5.36971
0.141242 0.621117
0.00227125 2.467
0.0658979 0.34732
0.000431967 0.136799
0.00325966 1.78396
425.952 0.386318
4.88116 3.23187
18299.9 2.21161
177.002 0.916509
13763.4 3.46082
227.765 2.0646
0.00155784 1.04144
1142.26 0.505247
0.460136 6.55188
24.579 0.412649
0.00039849 0.539464
0.000972163 1.05588
5257.4 3.29281
0.00993293 0.120459
5659.42 4.85961
0.0250779 0.31194
0.00337672 0.102087
3.92349 0.800264
0.000114948 0.135388
0.000101183 0.224612
0.000186963 0.503943
1.61247 3.43876
0.00645263 2.83294
10485.1 5.8336
4.61861 2.15181
0.119108 0.390183
0.117482 0.459232
0.0216915 3.53183
33.6694 3.22288
217.753 2.70403
1168.73 0.74537
8628.49 2.67043
368.094 1.84872
14506.4 9.26411
16268.5 6.22714
2940.58 4.96027
213.986 1.63842
1.09858 0.527263
0.243592 6.43334
0.00166596 0.691672
0.104884 6.73521
28.039 5.7207
0.00639229 0.110946
0.00518177 0.924244
5.87071e-05 0.144309
2.31915 3.4111
4.83847 0.80904
0.717079 0.453674
72.7675 0.234229
42.3961 0.186204
130.235 0.768866
0.11438 2.30418
6327.75 0.164819
832.525 2.81611
5152.01 2.49474
235.207 0.439838
43.2423 7.25506
0.000113423 6.59588
0.00261738 2.45619
1881.75 3.48826
1.13205 0.136368
15896.8 9.849
0.0495868 2.62544
0.000942084 0.472739
0.170746 0.437602
0.00287059 9.28641
39.3642 5.20454
0.592482 0.396264
3293.7 6.4794
0.109707 0.11095
10654.1 0.404334
0.976948 0.131619
0.0210407 0.465855
5491.64 0.254617
0.365017 2.14136
0.00023116 0.521447
0.00254674 3.09196
0.00209785 0.200205
21.9659 1.33559
154.631 6.68385
74.4566 0.812296
9.76197 5.60716
0.000812462 1.23467
0.00037257 6.9563
0.354431 0.381742
19345.8 0.676574
31.5223 0.757279
0.0116686 7.17858
212.816 9.6267
0.139353 0.200901
49.9314 1.78111
2142.18 0.860242
0.000206972 1.6884
0.00696949 0.950342
0.0392339 4.28352
0.000381032 2.32584
187.204 0.693064
0.00250771 0.23235
9989.83 2.82714
37.7023 0.764926
0.0675391 9.37365
0.0785705 0.480521
5.69056 0.706219
4.70201 6.23304
16218.7 0.38512
1868.94 6.68835
115.123 0.134572
9.30736e-05 0.816478
143.345 8.03451
0.0207998 1.05375
0.00219028 8.39171
6.59584e-05 2.70567
0.00103158 0.253901
157.467 2.38213
143.569 1.01206
3757.69 4.99696
0.000249359 0.379551
0.00202362 3.60403
0.0153828 0.251729
1.3096 0.351927
0.0839859 0.116388
0.102969 6.33987
0.00117881 3.41761
0.000967833 0.358343
164.08 0.264128
8.62851e-05 3.66243
0.000160591 0.302326
0.000870794 0.718261
0.00197898 0.301703
13460.2 5.85593
0.00038592 6.49271
3998.8 0.627236
0.000288484 0.472207
42.8478 5.70864
0.0217792 0.253467
0.000607371 0.983719
0.000747015 0.588657
5.18725e-05 2.42194
0.001497 3.77223
100.071 0.476111
0.000194664 0.384303
9.35845e-05 7.8016
0.0788747 2.9185
0.00028482 0.645497
0.00172917 0.151269
9994.14 0.380062
8.71293 0.934435
101.508 4.24064
75.9831 0.603252
718.089 0.707469
9726.24 3.09944
0.0311946 1.04922
0.00044429 0.110229
7.12458 7.57291
0.000112523 2.57772
0.00106453 0.330053
68.6394 4.60139
2109.63 0.758905
0.171334 0.135643
0.0249788 0.114625
10040.2 1.7777
0.000718565 0.826608
0.000519741 0.244833
111.998 0.250229
0.221173 0.594291
17.0176 1.34699
42.5609 0.356764
6.15864 0.220002
9.74118e-05 8.8546
0.000274146 0.458089
41.2884 3.7353
0.000219143 4.06543
36.3949 0.552759
0.0194153 0.266953
0.00283425 0.943762
168.247 3.44522
0.0251198 0.719286
0.000264239 3.24029
1074.52 0.150652
2978.46 0.556536
377.301 0.313356
724.464 0.661338
15.7265 1.79089
0.199196 1.84737
0.025763 0.510967
0.000140053 5.8453
19819.1 0.609371
962.995 0.181351
16660.2 1.62353
0.00112399 0.631352
2437.79 0.139998
6.24714e-05 0.424958
93.0114 8.56587
0.000909849 0.106838
212.937 2.02901
4728.44 3.56027
1.00976 0.723738
0.0187718 0.165032
0.0288174 0.2622
0.00648584 9.95846
90.6868 7.54263
2287.45 1.31536
0.0102487 0.161762
0.000156577 0.265676
3624.9 0.990994
177.878 3.06969
0.0204813 6.50664
0.00930559 0.172553
11.3382 6.1419
16.045 0.669104
1.03708 0.198248
150.892 0.133352
0.102311 3.05184
367.191 0.768807
1761.12 1.03621
737.319 0.261357
15384.2 9.67764
0.000189679 0.145172
5.25302 0.652175
0.000147571 0.246301
0.000276044 0.488428
9.17747e-05 0.246459
812.388 0.506401
0.0497732 0.995072
1.57927 1.86571
0.102302 0.144582
115.044 0.208394
0.672288 0.202868
0.917471 7.8713
0.00194647 6.22137
2.81099 3.07686
875.889 4.58774
0.0285339 6.63812
34.2818 2.23958
174.776 4.23922
0.00018529 0.235292
9020.57 4.64325
6152.62 1.71865
0.292697 0.567781
0.000947027 4.81006
10744.1 0.790871
0.000844777 3.70465
0.000607777 3.40095
0.00525944 0.893342
20.9274 1.6678
0.000122179 8.08905
40.8044 0.266173
0.00175489 0.296824
0.00132355 0.331085
3.13768 1.83954
16476.3 8.07788
0.000162301 6.64246
1869.43 0.121063
1.48198 0.860227
0.002456 2.16802
28.6019 0.137522
0.000533033 0.752758
3302.12 1.70188
26.5491 1.18945
0.0598126 6.67188
0.000937035 2.38895
0.51224 0.301938
5970.64 0.580133
207.7 0.30671
246.767 0.135134
0.00823115 1.64498
0.106231 1.26384
6.80468 0.280641
1920.7 2.85314
0.000133006 0.665835
0.00181171 0.310333
5.3128 0.144836
0.626974 0.683483
16341 0.514684
3.04448 0.215528
19207.5 0.699187
1737.05 0.704407
5664.38 2.85728
0.943832 0.720822
4627.64 0.194694
9570.26 0.278276
9145.08 0.54021
7.01332 1.20646
0.000796833 0.389642
12.7241 5.21384
0.0309029 2.41503
0.00113439 0.360039
0.0508209 0.390184
0.000761245 0.139311
0.10756 0.5642
0.0142372 0.768365
0.0903356 0.225999
0.36957 0.111267
15.4013 0.11416
0.202946 0.146812
0.00228746 0.148034
0.169609 0.200139
0.471383 2.98709
0.000391256 0.548942
1.85033 0.780937
0.0081798 0.121588
0.0371029 0.169853
2144.16 0.951511
115.771 0.289004
0.00108896 0.318803
0.0103377 0.237413
754.062 1.61785
27.3845 0.303776
8.77445e-05 0.127752
1084.01 4.61871
0.00899496 0.382912
1046.59 2.71254
18614.7 0.117885
0.00243368 0.538114
12109.6 0.352936
0.000538578 0.21596
538.712 5.95027
0.000271509 9.62853
125.542 0.191993
0.0799735 4.82425
11448.4 3.63104
0.0125607 1.30428
0.00211425 0.137614
7450.27 3.37019
1084.31 2.37947
8.11713 2.15956
8678.86 3.91767
12.7079 0.104612
582.729 1.23175
20.1466 0.715569
0.00030888 0.417008
0.0001314 5.72101
583.173 1.42961
11542.1 9.15612
0.000218387 0.352152
2.92965 3.56297
1.33704 0.422955
6.26738 9.89217
1.66155 9.76353
1.50567 0.546246
11569.1 0.726141
0.225446 5.7062
16.7877 1.71546
176.612 0.147409
3.35338 6.72887
0.000115979 5.40381
0.592927 0.408436
301.782 3.7481
0.0263027 2.89559
435.329 0.535439
0.0149342 3.15536
6.23264e-05 6.03417
3.09935 0.38629
0.0040153 9.13095
0.0739098 7.18975
16.6744 0.161945
2.08617 0.979886
1.80153 0.836643
0.00149666 0.12271
14863.5 1.40551
2510.45 0.177826
10543.9 0.601099
8.80079e-05 6.68431
0.000254341 0.130601
0.00569553 0.133545
0.000189356 0.607992
0.00875946 0.281328
1028.02 0.149705
3651.36 0.605604
6.38416 2.74273
2.96494 2.63031
7.36038e-05 0.219597
0.0956878 3.00688
42.0376 0.450512
0.000273539 0.655645
0.00052726 0.148222
42.3983 1.39223
0.0368048 3.0846
0.000334267 0.817612
7.01728e-05 0.784911
0.000979959 0.715042
5324.94 0.162438
0.00707294 0.185711
0.00851736 0.566356
0.0444477 2.74934
0.000162514 1.37675
639.627 2.85598
10.6168 0.127852
0.0117312 0.184617
0.000478902 0.302595
0.0833654 1.08297
0.0373363 0.214479
0.255207 0.311314
0.000287859 1.49009
0.000342484 1.94613
0.0224271 8.59301
90.7755 5.58941
0.000939462 1.10062
34.8985 0.370832
42.101 0.435158
2.80874 2.26316
3.14217 0.215918
0.0210765 0.482514
50.9972 0.194265
7.77049e-05 1.85276
122.345 0.915842
7.27608 0.600117
0.00850587 0.454613
16057.7 0.304755
0.0432747 0.316952
1.24163 1.26394
0.0118981 8.19706
0.0015056 0.939014
0.00187034 0.335833
0.124373 0.112505
0.00489827 1.01779
11236.2 0.132843
5000.95 1.32156
8.96633e-05 2.16973
2380.43 0.451532
58.2207 4.44869
0.141526 6.47457
0.050053 0.459865
0.209819 6.88448
7.89034e-05 0.142893
7.28623e-05 8.28336
1.99216 2.23313
0.0391791 0.508752
16765.5 1.1258
277.222 0.539916
37.0268 0.452752
0.0124429 0.456549
964.938 3.98211
7.6155 1.75586
0.00145124 1.88909
8.95181e-05 0.206453
19.0942 6.96223
0.154038 4.3772
3.5485 6.14433
1.34406 0.214695
6485.44 0.201752
2820.91 0.822637
0.00196823 3.69466
0.00174667 3.48979
14018 0.116019
0.000570301 0.705269
13292.9 0.864172
356.26 0.857672
1619.15 2.21845
586.856 0.608168
542.816 1.51005
0.0178212 0.126567
0.00163982 1.26734
0.00562994 1.46622
0.000117982 2.74143
20419.4 7.47826
11825.6 1.24324
0.00329378 7.46474
14169.2 0.176122
1.20821 0.156253
22.9652 8.53993
12.6509 1.62689
13.7807 8.34995
790.987 3.85831
9138.94 9.42332
0.00121381 5.97613
0.00576398 1.58306
0.117634 3.70104
0.00273063 3.39251
0.0025337 1.64443
5.97963e-05 0.128536
0.0023721 0.116004
288.128 0.184829
0.576588 1.79214
7.23776 0.779465
58.0556 0.133375
1139.88 6.07762
8615.09 0.269973
12.1734 9.5777
205.599 0.144084
1775.08 5.379
315.885 0.114781
0.000756324 0.25867
0.0676905 0.508211
25.5282 1.28454
0.000193056 0.350553
9.11508e-05 4.93742
131.771 2.73165
3.88297 3.46313
0.546627 2.14024
20.5929 0.103628
0.000414629 2.92224
1.86431 0.584184
0.480863 1.65179
10011 0.624953
191.87 0.605127
7.08157 2.86688
9.68127e-05 0.254701
0.00010121 2.09753
0.0012798 0.781682
0.000967516 0.385195
0.205198 1.05777
1627.72 0.301866
0.836158 8.1743
18.0511 0.77811
680.176 7.97485
13853.4 3.66318
65.1073 0.128787
14.1071 1.94369
0.270457 0.347719
0.000185115 0.582102
3.77226 0.271158
0.116907 2.00178
3679.37 8.59901
0.00222938 3.99774
0.00129972 6.81895
9.72629 4.18148
6254.12 0.111532
18.0796 8.63772
0.00173705 0.258973
897.276 0.571552
0.00242109 5.94259
0.000462613 0.320764
0.213261 0.350152
28.9515 1.07806
1.70521 3.78136
0.399491 0.698026
5.87084 0.709198
0.693959 0.21893
698.72 2.62367
0.0617674 0.345119
13701.8 0.347552
57.8857 0.113953
0.203774 0.119185
21261.2 0.306194
570.62 0.352629
27.4593 0.299141
9694.97 0.321144
0.000126624 0.260202
0.61491 6.47693
7.51272e-05 9.37431
0.000359891 1.1001
21629.7 0.110763
3.54548 2.72338
1659.52 0.159564
17.7685 0.9383
2.26591 1.67631
0.180332 0.284138
0.0500952 3.94197
0.000121509 0.44478
3888.44 0.475847
3634.14 0.12633
0.465479 0.512679
0.0449773 0.306369
399.652 0.402272
2628.65 0.851767
0.884754 4.14876
0.00325795 0.115861
0.005072 0.151027
9.41445 3.27733
0.000511707 0.121003
16.7645 0.102934
0.000180364 4.52109
2.9979 3.25904
0.541149 0.21932
0.0651713 7.50188
0.0338392 5.8333
1586.56 0.266007
42.0607 0.462395
13.4704 0.139987
6.14664 0.152465
0.00630474 2.13992
14530.8 7.3226
11061.7 0.178596
1771.43 7.29598
8.76236e-05 0.238237
0.605943 0.590947
6.80638e-05 2.39986
0.412904 0.111846
0.000791067 1.66041
2313.33 0.27997
16937.6 0.136048
2041.55 7.69723
0.00456738 0.349419
0.0018729 0.235216
890.171 0.751857
0.0023792 8.45771
0.047039 0.884701
9.13544e-05 0.209823
8410.21 4.30148
0.0251365 7.77729
110.093 0.167352
0.000735612 7.72418
0.338264 0.883548
3939.43 2.02184
0.000546739 7.67271
36.6329 0.82491
1.20478 0.515322
0.000867441 5.77249
122.777 6.34686
0.564531 1.34828
9128.14 3.62118
0.125345 0.494008
63.1628 0.179877
0.00172052 9.50094
227.823 0.809928
0.0440256 2.48365
0.0941513 4.69446
62.7674 2.60607
3.77432 9.65675
4.66816 0.655672
6.00316 4.25443
0.125132 0.436341
0.000148441 3.12882
6696.14 4.87246
0.132841 0.617709
12568.7 1.76708
1271.38 2.46295
15.0417 0.152666
0.109882 0.147295
0.00096282 0.12852
0.70826 4.532
1399.58 5.60115
0.000104035 4.02011
2.8577 0.178449
0.00170624 0.221009
0.0402072 0.125354
5924.12 0.108315
0.0519079 0.474357
5.21068e-05 0.115967
23.3554 0.140929
2.67653 0.139395
0.000639234 0.776369
0.206563 3.70665
31.4204 0.107692
0.00233257 1.86679
17047.5 0.863077
2755.73 0.110009
0.0610863 0.254898
5.43691e-05 0.165881
31.5485 5.83837
66.8891 1.53333
172.218 0.482566
220.588 0.307108
725.349 1.00237
0.0260099 8.2458
941.236 0.829444
3147.56 1.48155
0.538787 9.32118
0.00219919 8.23846
0.00258163 0.609473
0.101602 0.248957
0.000133102 2.26948
0.00235684 5.53241
0.0243195 0.346745
17000.9 0.201769
0.830183 0.379753
236.522 3.8905
45.8174 5.81501
0.00196893 1.92187
0.000799145 1.03036
97.5331 1.50569
0.0443757 0.100493
2.52192 6.91626
8.30875 0.212586
966.948 0.91654
1.70471 6.0652
0.00285553 0.549656
0.136976 0.94079
955.013 0.181075
11788.5 8.69683
0.000955754 0.115491
0.0113778 0.26543
29.8594 0.295544
0.602846 0.196922
0.0144424 1.94095
39.6407 2.21966
575.99 0.367255
0.0014556 0.829408
0.957354 0.570508
0.144357 0.470951
1169.81 2.18998
2207.87 0.20916
0.223429 0.122588
0.00795974 0.235756
412.439 0.148976
0.0273703 1.33151
7.82184 6.42351
0.0226252 0.165515
6.38326 0.132802
26.3749 0.159348
0.00391784 0.749579
0.00567937 0.551484
0.497483 0.468939
8.67099 2.23099
21300.7 0.214312
24.115 0.418247
0.0587888 0.488997
0.000418252 0.209493
0.00610412 2.22167
0.000489777 0.827579
23.532 0.749081
1.89268 0.753229
2758.86 0.142642
13480.6 1.97048
0.250695 0.138984
0.00011885 0.477497
29.8463 6.93748
5.13185e-05 2.66839
115.3 0.88968
220.877 1.45372
0.0102541 0.368039
0.000983408 5.25061
8596.94 2.9943
12.8544 0.152976
0.00134302 2.75904
415.364 2.35771
6.28616e-05 0.38572
2366.3 0.140491
0.00194717 1.02784
429.697 4.35608
0.232716 0.137786
5494.36 2.14214
4579.49 1.55947
61.9136 0.263073
0.0447927 1.30978
0.030013 1.25171
195.626 0.203025
6.73853 1.34676
36.2148 0.435565
1222.09 0.193494
10655.8 0.302527
0.00451749 1.5091
6903.18 0.173077
0.00428658 0.152095
0.00197247 0.202992
0.397068 4.31288
922.536 0.281183
0.00561127 1.77932
527.365 0.806925
5.12731e-05 0.441727
17385.5 0.268533
0.0012063 0.15386
0.137969 0.236769
21.5889 3.99688
2.26089 0.102581
151.381 2.03171
266.053 0.133536
6734.8 0.394915
0.085745 1.83658
1.541 0.214983
0.0274087 0.355295
0.00611456 0.438875
0.000518656 9.61898
0.0325023 4.26664
5.6144e-05 0.382556
0.703472 0.908041
1042.08 5.31456
0.000570576 0.17491
0.018855 0.467016
1631.41 1.20136
0.000103373 6.8441
0.651623 0.181865
2.45948 7.28938
174.369 5.95754
3.83885 1.60435
0.225913 0.190596
45.3673 0.147443
0.00296629 0.176811
8034.77 0.109224
14.5654 8.47223
0.384195 0.227222
96.0179 3.90457
0.000114895 0.341302
6.67063e-05 0.23147
301.556 0.291428
36.2178 1.30808
0.00491012 1.70251
11556.5 0.564001
0.000488763 1.07462
0.457717 4.25838
5.2884e-05 1.83165
8.81537e-05 0.283713
0.00268146 0.252487
50.3362 0.458362
7.37428e-05 0.112784
5954.73 1.336
10754.5 0.320761
0.0279602 4.19205
0.00117736 5.79126
17.8995 8.65368
0.00299476 1.71377
0.0665524 1.16343
5317.87 0.104435
8.75736 1.12324
0.0187661 0.241728
34.7108 1.66806
1.86709 0.11733
3823.72 2.36191
11.0178 4.18237
86.2296 3.19817
0.435665 0.512141
89.9351 0.345996
651.394 0.333732
19.3165 0.303014
0.000462292 0.247704
12.8829 2.52248
160.838 0.111695
37.5954 1.83185
5.48855 0.102662
1678.75 2.27987
0.331322 0.106423
4.02669 0.830697
5.60645 0.409984
6.11257e-05 8.7088
13291.2 3.31858
0.000667971 6.42963
11951.8 0.156888
4.90998e-05 0.235825
109.414 0.414666
0.475651 0.415611
25.2624 7.44218
5935.55 1.43146
0.00871394 1.10984
0.00580066 9.17064
646.051 0.298269
0.313691 4.01081
570.586 0.599927
2490.85 5.3865
0.0930393 1.84936
0.0120381 0.850987
9659.65 0.189134
0.00017351 0.693036
0.00306934 5.19834
97.5379 0.437301
0.00167451 7.40337
0.0121424 7.9772
0.000191378 2.60487
279.051 5.69804
3.2779 0.243563
0.000387701 0.279186
324.392 7.50205
13.0452 0.558849
33.4474 0.549886
51.9924 0.547987
5.88456e-05 0.106536
5.89639 0.832414
13126 0.247668
13748.4 0.93515
117.119 1.7444
16.2113 0.164951
0.00192453 0.131289
7.251 0.438423
0.351915 0.820405
0.0211965 1.81168
0.0550543 0.418984
0.0197663 0.300398
0.00852702 4.61744
0.00114337 7.88509
0.000243407 2.0831
59.6971 4.4566
0.000164876 0.203708
0.0896997 0.464718
766.418 1.03304
0.54738 7.74695
1.26955 0.2651
180.037 1.68995
4.91706e-05 0.876513
540.328 0.101574
0.464867 7.45749
0.148903 7.8542
53.8626 0.108454
56.2051 2.92733
1.00831 1.14764
0.00240669 0.107144
0.000645308 1.7688
0.00200793 1.62251
5723.93 0.665617
1974.74 0.511368
0.00132727 0.233134
0.114813 0.724537
16.1279 0.113102
