23.8
18.5
18.7
22.6
21.1
24.0
19.5
20.7
19.7
25.2
19.0
19.9
20.0
19.5
24.0
22.2
19.0
19.8
17.6
19.3
23.5
23.5
19.6
21.8
16.7
17.7
20.0
20.9
21.2
20.9
21.4
18.4
20.5
19.6
21.8
17.5
20.3
20.1
20.4
17.9
21.6
19.3
23.4
20.3
21.2
19.4
19.2
21.3
19.5
19.9
22.0
20.7
22.7
20.9
21.6
20.5
18.8
20.2
21.1
21.5
19.2
21.7
19.5
22.0
19.3
21.9
20.2
20.3
17.9
18.7
21.0
19.9
19.1
18.5
22.6
19.1
21.7
20.7
19.6
18.6
23.7
17.4
19.6
19.8
20.0
20.8
20.2
19.5
19.0
22.1
19.3
21.2
22.1
19.6
19.6
17.9
18.9
20.8
21.4
20.2
22.0
20.6
18.6
17.7
20.3
20.2
18.6
21.2
21.0
21.4
19.3
22.2
20.7
21.7
17.6
20.4
25.5
20.0
19.5
20.4
20.2
19.5
18.9
18.7
21.6
19.3
19.5
24.6
18.6
19.3
20.9
18.8
19.4
17.8
22.8
20.8
18.9
21.0
21.2
18.5
19.6
17.4
16.6
20.5
20.3
21.1
22.0
19.6
22.4
18.1
18.5
19.1
21.5
18.9
20.2
21.4
20.9
18.1
21.0
21.8
21.3
17.2
22.0
23.2
18.4
19.9
21.5
22.4
21.9
16.0
18.4
21.0
20.6
20.4
18.8
20.7
20.9
21.9
19.8
22.7
20.0
21.7
20.9
18.0
22.0
19.9
21.3
21.2
21.7
22.8
18.5
20.3
20.5
20.3
26.4
19.0
25.5
21.0
17.2
19.0
20.7
24.1
18.9
19.3
21.9
19.8
22.4
20.8
19.7
22.0
20.1
24.1
19.9
19.8
19.6
21.9
19.8
22.4
19.7
22.0
21.0
21.5
23.0
22.0
19.9
19.4
19.6
22.3
21.4
20.8
19.2
22.4
21.8
19.8
18.2
19.0
20.3
21.6
20.9
21.9
20.2
18.9
22.2
21.8
18.5
21.2
21.0
22.9
18.7
21.8
27.2
22.4
21.5
19.3
19.1
17.0
21.2
18.9
19.9
21.9
17.9
19.6
18.9
19.2
18.9
20.3
18.3
17.2
19.2
21.7
20.6
21.7
24.0
19.2
19.9
19.8
17.4
21.4
20.4
18.1
19.7
19.8
19.5
18.5
19.9
17.5
18.1
18.8
21.4
19.7
20.6
19.4
20.0
19.8
23.1
19.9
19.2
19.7
21.0
19.7
19.7
20.9
24.0
17.1
19.9
21.4
16.9
22.1
18.6
21.1
21.7
19.6
19.4
19.6
18.4
21.5
21.1
19.9
22.0
19.2
20.7
19.7
22.7
19.1
21.5
20.6
20.1
17.8
21.5
19.8
18.5
17.5
20.2
21.4
18.8
21.3
21.2
17.3
18.7
22.6
21.0
17.1
18.9
19.3
19.2
22.0
21.7
20.6
22.1
21.4
20.5
19.4
20.5
20.0
23.6
22.8
22.5
23.6
22.4
21.0
20.1
19.7
18.6
20.2
21.6
20.4
19.6
19.8
21.6
22.8
18.6
19.6
23.4
19.9
22.7
21.8
22.5
19.6
19.4
20.0
24.2
22.5
20.3
20.2
19.4
20.2
18.1
18.8
19.0
20.4
20.9
21.8
20.6
21.7
19.6
18.9
18.5
21.5
21.2
20.8
22.6
20.6
19.0
19.9
17.9
20.2
18.1
17.5
18.2
20.8
18.8
21.3
25.0
19.9
21.9
23.0
23.4
20.0
18.1
24.5
20.2
19.9
21.0
24.3
21.4
20.7
21.9
19.9
18.7
19.3
19.1
18.4
19.7
21.8
19.2
22.7
20.0
22.7
18.5
20.6
20.5
20.1
19.8
19.6
23.8
22.0
18.7
19.5
21.5
18.8
22.4
17.6
24.1
22.9
23.5
20.1
20.3
19.6
23.0
20.4
21.0
20.6
21.4
21.6
20.0
22.6
23.6
21.8
21.4
20.0
21.2
18.5
19.5
23.4
17.3
18.7
21.1
19.3
22.3
21.0
21.5
17.7
18.8
19.7
21.9
17.6
20.0
22.4
21.1
21.0
21.1
19.4
22.8
18.6
17.8
22.2
21.3
21.1
17.0
21.5
22.9
24.8
17.8
17.7
17.2
20.5
20.4
20.2
21.4
20.4
21.5
18.3
19.9
20.0
19.2
23.0
20.3
20.4
21.9
17.7
20.3
22.5
22.0
18.3
17.7
19.4
20.5
19.7
21.2
22.3
18.3
20.9
17.5
24.6
20.3
21.2
22.1
22.1
23.3
19.7
20.6
22.7
19.6
21.2
20.1
19.7
21.4
18.9
19.7
23.0
21.7
20.8
18.6
19.5
19.0
20.8
23.0
19.0
21.9
21.6
21.2
19.5
19.0
21.0
17.7
17.7
17.4
20.8
20.3
19.0
19.0
20.0
21.6
19.8
20.4
19.5
24.0
20.1
23.0
19.4
23.3
20.1
20.3
20.1
20.8
18.3
24.2
22.3
19.8
19.9
20.1
20.5
18.6
18.9
23.7
20.0
18.1
19.0
23.9
22.5
18.4
18.3
18.2
21.3
20.8
21.7
22.9
20.7
23.0
20.9
20.2
18.5
18.7
18.0
19.9
21.2
20.8
17.0
20.5
18.9
22.7
22.1
19.3
20.2
17.9
20.2
21.7
22.0
22.5
19.6
19.5
20.8
21.7
22.4
22.2
20.6
21.1
18.6
21.3
18.4
20.5
23.7
22.1
18.1
19.0
22.7
19.9
21.3
19.6
20.4
19.4
22.1
16.4
21.2
19.1
18.9
21.5
20.5
18.6
21.1
17.9
19.8
20.6
22.3
20.3
21.5
23.9
20.7
18.5
18.6
21.4
20.0
19.5
19.6
21.6
19.8
16.8
18.2
19.7
19.8
22.4
18.4
20.4
20.3
19.8
18.6
19.6
18.9
20.1
20.3
20.9
23.9
25.8
20.4
20.5
19.7
20.9
19.2
22.1
19.8
21.0
19.2
20.2
21.7
21.8
22.3
21.0
20.9
21.9
22.0
18.6
21.2
21.9
22.2
19.7
22.7
20.0
21.0
20.3
23.5
21.0
22.2
19.1
20.2
22.9
19.9
19.1
21.5
20.3
17.8
21.6
19.2
21.8
20.0
22.2
24.2
21.1
17.1
20.8
22.1
22.2
22.9
19.0
22.8
22.7
20.7
21.6
19.0
17.0
18.9
24.8
22.2
19.9
19.8
20.1
21.8
20.6
22.0
22.5
21.6
21.5
19.3
19.3
19.9
20.2
21.4
17.3
20.5
19.7
19.2
20.0
22.8
20.7
19.5
22.5
21.9
18.6
19.6
22.4
19.5
17.8
23.6
20.0
19.7
20.5
22.4
19.6
23.3
18.8
19.2
20.6
21.4
19.4
19.7
23.9
18.5
22.7
23.2
18.6
18.5
20.2
20.3
18.6
21.3
20.8
19.7
25.4
20.5
19.7
21.2
19.8
21.0
22.9
20.9
21.4
22.3
20.5
21.5
18.3
22.3
23.2
19.8
20.2
18.6
18.9
23.5
18.3
18.3
18.1
20.1
21.2
21.4
21.6
19.0
23.4
21.0
19.9
21.2
18.5
19.5
21.7
19.9
24.3
21.5
19.7
20.6
16.2
20.7
18.7
19.1
20.5
19.4
23.3
19.6
20.0
19.4
20.7
26.7
19.9
21.6
19.8
20.3
22.2
21.3
20.2
20.0
22.3
20.1
17.6
20.9
18.4
20.8
21.9
19.0
17.4
19.7
17.8
25.3
18.5
20.6
27.3
21.7
19.1
17.7
18.3
18.6
19.2
19.2
19.7
20.4
18.0
20.2
21.5
22.4
18.0
18.5
20.8
21.6
18.7
21.9
21.9
17.5
18.7
21.2
23.8
20.0
18.1
19.1
20.0
21.8
19.2
22.4
23.0
21.6
20.0
24.3
19.2
20.4
18.8
22.2
17.8
18.2
21.6
17.8
22.0
24.0
20.0
20.2
22.4
20.4
17.6
18.8
21.5
21.2
21.3
23.0
21.5
20.2
18.8
19.3
19.4
20.2
19.6
17.8
20.2
20.5
21.8
20.9
19.4
19.0
21.7
20.8
22.0
19.8
19.8
20.3
20.0
20.2
19.1
21.6
22.9
18.4
24.3
22.1
20.9
20.3
20.8
20.2
22.6
19.4
22.5
19.2
21.1
20.2
21.0
17.0
24.1
22.8
19.9
17.5
18.4
17.7
20.3
19.7
19.1
22.3
19.4
22.1
18.9
23.1
18.9
18.3
20.1
18.6
20.7
19.6
17.2
19.5
20.8
18.7
# Found 1000 complete reps.
# mean(depth) = 20.4533.
# std (depth) = 1.73082324632.
# sem (depth) = 0.0547334368554.
