0.00110918 9.64474
3813.19 0.818075
879.765 2.61537
0.000383303 0.620268
0.0846212 0.285855
1962.86 3.39402
0.0486426 1.99319
10.5758 4.51222
152.453 6.27691
0.000647763 3.54589
55.4859 7.54866
6027.33 0.175969
18541.9 0.765836
3083.28 4.50765
0.758011 1.11796
0.00206497 0.789762
136.647 5.09187
0.000256922 6.91431
0.247777 9.05373
39.7507 3.0598
4640.23 7.96158
0.000759531 1.15277
64.7033 2.2416
188.056 4.23638
2963.86 1.3563
17865.9 1.07633
1346.81 5.93855
0.0835871 1.72824
19.6613 1.45914
1.8633 0.440576
0.000599821 3.5421
1702.41 0.12022
8149.44 5.76825
2.29935 1.80122
0.000221242 0.372532
9.612e-05 3.61952
0.00116232 0.388645
0.00150008 3.63353
0.00179651 4.54679
31.4123 2.69237
0.0595487 0.107098
16.1151 0.29214
0.000295774 0.2593
0.000122326 0.423939
0.00129712 0.656144
0.143682 0.24637
0.0138632 2.00201
0.176409 0.291501
0.361368 0.288767
34.1171 0.286113
855.752 0.23486
0.215253 8.00599
0.454049 6.1291
0.00676675 2.34908
4176.03 1.52797
1894.73 8.5511
0.0552767 2.12742
12.4689 2.08832
0.000981048 1.9835
0.000119565 0.41719
4.7195e-05 1.18505
2595.1 1.37731
0.0306418 1.52391
137.183 0.345155
0.93781 5.91323
152.585 1.66223
7681.65 0.428672
93.029 2.38811
0.00931359 4.90532
382.075 3.3503
12319.6 1.8676
3891.21 1.0029
94.2602 0.110321
0.322872 1.52462
0.00012496 1.72434
5.46708 0.18586
5.68245 0.457488
2.79758 0.79016
0.175138 0.8662
3357.67 9.09092
0.617164 0.254514
2253.23 3.61395
0.00180459 4.62605
725.633 9.36954
0.0719708 0.511459
0.370006 1.21638
0.244908 0.12136
11701 3.51444
0.000466804 0.168147
7604.01 0.210952
11930.4 4.1593
0.000249853 0.915279
4770.7 0.275781
0.000154063 6.1387
0.282848 0.895038
0.00108668 1.02991
2174.5 0.148846
0.0374246 0.820703
93.9332 0.2044
0.0654125 0.115497
0.00131059 7.26566
0.00339838 0.432742
0.00971166 7.75365
76.2262 3.5376
20454 1.34399
75.2289 1.45075
12085.1 2.91691
7.29319e-05 0.63873
0.0337687 0.639467
4079.7 0.945968
0.850468 7.96293
0.000339337 3.0961
0.0119193 1.42912
0.000859243 1.05311
0.00143595 0.671152
0.0175025 1.55776
168.901 1.28448
0.0424974 7.42445
491.619 0.14801
0.0525751 0.174346
0.000183353 0.556917
294.849 1.30968
16060.2 3.18871
2.06792 0.71323
0.0014712 0.188076
0.00293112 0.127989
0.000136004 0.149324
0.00347021 1.00994
58.3969 0.706683
0.035565 4.26017
13.777 9.79395
5.13772 0.258426
0.0112881 2.84101
9242.28 0.120084
0.420142 0.51777
8054.62 7.86166
7.56804 5.52778
996.6 0.148047
751.646 0.600645
0.0115411 3.74756
56.766 1.33325
7.12495 0.409144
0.0453429 8.46344
44.3432 1.20656
10.0302 0.237065
0.0282291 2.19927
0.0061788 0.73361
0.00577116 9.37169
3294.81 0.119637
243.911 0.54811
62.3762 0.13561
6.45924 2.18557
1.49312 7.59386
4.69983e-05 3.01398
7.41667 0.283132
0.00260648 1.53054
0.000173865 0.358868
9.44529e-05 2.28443
508.39 0.324291
8.62836 0.499875
0.08538 0.125408
0.103364 0.987784
0.000153145 6.5281
887.796 0.117721
0.0845296 1.30273
5680.89 0.101393
76.628 1.22012
31.5798 7.35075
0.000791555 0.177129
900.025 2.20383
6.53034e-05 0.980952
0.0603292 0.924608
0.0149448 1.21977
0.149613 0.140216
0.0826178 2.64193
0.0232124 7.71479
0.00323024 8.32
0.29844 0.142871
6499.34 0.344975
236.995 3.77039
0.00161216 0.666059
15.1511 5.78498
22.7017 1.18417
50.5815 0.882017
86.264 0.104576
3543.16 1.2182
86.6392 1.06973
514.508 1.13095
0.00205967 1.90695
3.28932 0.187078
304.322 0.368239
0.0155389 0.111754
8490.99 0.738564
44.2085 5.75816
15520.4 0.123787
364.39 1.70128
0.256536 0.171172
436.369 0.206102
5.14257 1.59044
562.668 3.97186
0.0361875 6.93011
0.000179475 3.99854
8.53384 5.87305
5701.37 2.37893
176.079 0.408463
0.000905399 4.76284
0.000593516 0.219031
85.5694 2.17096
0.498832 0.257116
0.567119 0.539117
0.0353601 0.199215
0.00123184 0.214231
0.0605714 2.47981
0.000564078 1.32915
0.0135598 0.767694
6.90068e-05 0.684871
7.19294e-05 7.41228
0.00461926 0.11948
0.00235295 2.20424
0.00199851 0.784005
5.83152 0.38925
0.000316668 7.80966
0.00693209 0.377401
0.705411 0.546032
0.035315 0.184414
0.000131294 3.27992
0.0232772 0.352193
10900.8 9.58847
0.154506 6.0525
242.222 0.101806
17.8538 1.24689
0.00141026 0.639546
4.54785 0.346872
0.000669859 0.123769
521.554 0.898593
7498.96 0.247189
48.0138 5.94023
7.30263e-05 0.899759
0.0141111 5.86582
0.00830814 0.317744
0.00279283 0.116861
1433.17 7.26984
246.925 0.10918
0.104403 4.13106
10.442 7.51804
0.0117999 0.118439
0.00464773 1.07355
7.9931e-05 2.65436
682.454 1.76722
41.7899 2.90574
0.000129308 0.119206
0.00122928 0.696226
8.62927e-05 0.288432
0.104131 1.18965
963.712 5.12984
4813.01 2.66597
0.00165054 0.913146
0.0166103 6.45841
0.000454458 1.07096
127.639 5.67638
557.375 0.332374
6440.31 1.02448
0.470242 0.398311
0.105298 0.710143
0.231856 0.453563
120.22 0.39783
0.000245948 1.97019
0.108922 0.900031
0.485907 7.62665
61.962 4.14702
16.3439 5.37019
138.938 9.9243
0.00197083 0.203884
0.00268278 4.93099
0.153711 8.17295
1.41593 7.84204
0.00162508 2.25202
742.121 0.298764
9.03149e-05 0.848295
453.167 0.146754
0.0212745 0.955724
0.02992 0.466451
0.728772 4.30356
0.0797785 0.561401
42.7528 2.85826
0.0307147 0.147713
40.127 0.603278
21.1196 4.06395
0.0323998 4.80927
152.16 2.9928
0.00342262 0.10492
0.000878111 0.136045
0.00890342 6.32857
20.9417 6.30813
1.29666 0.190521
5.45048 1.26149
0.0470065 0.562783
1.32327 0.513854
0.103947 8.9171
3.3796 4.71313
0.00642433 5.98637
21563.3 0.561359
0.000111059 0.198343
8.99758 3.0224
0.000247338 0.121545
0.0119382 0.634009
0.000800262 0.770453
0.0171308 0.150299
6.83787 1.11205
596.193 2.18217
1946.26 3.44937
23.1895 4.703
1.08971 1.41318
0.010774 1.30633
18672 2.16868
255.792 0.95548
0.309986 0.456388
0.000193681 0.54235
0.0293102 1.14647
1178.86 4.02064
4777.26 1.38244
0.144292 0.785052
39.3355 3.19016
2240 2.941
4989.06 4.75686
78.3201 8.38665
1895.75 0.529982
0.000580553 1.81406
0.111456 0.196109
108.701 6.91643
236.215 8.48679
3971.17 1.24384
48.4914 0.264543
1094.05 0.302724
230.642 0.382608
11.9863 3.34455
0.0580945 1.69125
74.4161 0.345396
0.0117494 0.353146
19393.7 0.169485
48.5395 0.242929
0.000133408 2.00082
0.000197878 2.41478
1.60082 0.621526
0.000136306 0.680012
0.363687 0.340386
9412.34 3.04725
0.000100208 0.130767
162.643 0.367094
6433.47 6.18012
38.4885 0.726429
1.80818 3.03444
17530.2 1.05035
1199.47 0.187492
0.00522148 8.3929
87.9627 4.89339
18.4828 6.07908
0.51781 0.196594
0.000216365 0.277627
0.177352 0.178059
0.0084674 8.31706
11.9466 1.37897
0.942392 2.79789
34.0891 0.102108
23.5123 0.141095
1428.16 2.09406
92.0381 1.46562
0.0207292 0.24309
122.399 0.216783
809.335 0.416776
2072.27 0.267115
370.268 4.73298
0.0757978 1.67236
731.502 2.9845
0.00387317 2.7716
0.00276952 0.759335
0.000620655 3.2086
22.6892 0.104401
36.3676 0.10905
8.25371e-05 1.2214
90.422 6.53945
6451.99 0.139722
10.9079 4.36558
0.0141929 2.48131
9199.94 4.25558
523.36 0.300464
0.0489593 0.121459
0.000601527 0.134994
0.0090413 0.525017
0.0302616 4.721
0.00426579 0.438146
9.8576 0.111209
0.00168934 0.274887
3.12133 3.52952
21.2559 1.71372
0.013434 0.602255
16410.8 1.37614
13.1508 2.13575
0.183595 0.246051
7962.1 1.84306
0.163873 8.66757
0.532161 4.01873
0.0101495 2.37111
0.00204817 0.315572
0.000194063 9.59194
58.738 4.84514
3570.36 0.178496
0.000377892 1.16336
240.789 0.141143
0.0713345 2.24189
0.300888 1.37845
253.844 0.101838
8.93981e-05 0.208986
0.00237722 3.27073
1891.85 0.337669
18321.3 2.05939
20016.4 1.16708
580.292 8.17473
6.75087e-05 6.44811
88.1599 0.38212
0.00865531 2.48407
2119.45 3.46254
1.0814 1.30033
1098.29 9.32294
99.2465 2.04114
74.5768 6.09873
0.00489732 0.10656
0.117364 0.263313
41.833 1.43466
0.0156424 0.410365
1.85606 7.68096
0.371444 0.30616
5234.29 2.32847
602.826 0.311151
0.005719 5.99204
1574.94 0.784921
196.07 1.23524
0.174164 0.528878
2.65755 0.113286
2.82141 8.00258
14.626 3.23828
0.000620209 0.121238
0.00249848 3.24675
0.000144636 0.235566
48.0706 0.258746
199.299 0.271011
7403.32 1.58477
6.52504 0.306373
0.000253808 0.594011
0.024039 2.22312
0.0105302 1.46595
0.00387603 2.81418
0.201355 0.355707
0.000314495 0.108162
0.0226107 3.63744
0.000107651 0.131194
0.0194703 0.38873
0.388603 0.125939
0.0015601 4.18175
0.00033087 2.53787
97.9367 4.01385
224.701 0.162419
32.0736 7.12091
0.470116 3.51448
7.07201e-05 2.3126
0.000229316 0.188947
0.331402 0.216888
0.0116394 9.79149
0.0279964 0.257577
5.52484 1.22994
0.00101559 0.181851
0.0593026 0.459509
0.0684143 0.109187
12544.5 3.164
1.45697 1.12402
0.00023374 4.72814
1.881 0.140723
0.0254811 9.13616
3498.36 0.382749
0.263269 0.198326
2.52671 6.98022
466.035 0.210575
11.8181 0.281158
0.000693775 0.236566
214.764 0.477926
177.445 0.299581
0.00607765 0.118238
13889.3 5.60959
397.613 0.627007
14716.8 3.06815
131.202 0.807904
0.0803713 0.344624
0.000491457 3.98378
2634.29 1.53894
0.0427409 6.90626
0.00715868 4.9043
1197.48 2.67085
970.838 0.426826
0.0318681 0.274552
1.26927 0.224735
0.142931 0.103609
0.000114786 0.208553
0.0465052 1.65841
2243.84 1.51994
17.3537 1.19207
0.0156693 6.40987
0.189923 0.957101
171.749 0.817089
0.983657 0.43976
0.251795 0.191495
0.0101433 8.36799
0.000120028 2.93434
13670.8 0.28392
0.0172086 1.47176
0.0938189 1.65145
2552.16 1.90479
1226.5 0.649712
2228.69 6.15009
0.00465705 5.19677
218.254 4.01096
0.00782084 0.376242
0.00122062 7.2894
1722.56 1.03168
0.379103 2.83576
15275.6 9.61787
0.27826 3.07892
8.07055e-05 4.67845
2.36937 0.790125
0.0391482 1.08919
10.2601 0.144009
0.00265192 4.6559
3706.95 0.626987
5.35335e-05 1.77312
0.00349281 1.46696
6.90149 3.9793
0.0957876 0.518852
0.000219025 0.237299
8.97963 0.276545
0.498585 2.06181
164.333 2.51939
112.362 2.75003
5.24078e-05 0.449494
128.934 2.5353
0.000323833 2.51763
8575.3 1.67329
13558 3.94252
0.00169955 3.4937
201.871 1.0704
11.1274 0.152503
0.389616 0.186125
7.37891e-05 0.111362
0.000859312 0.206872
0.782316 1.25971
0.00010958 0.39774
23.4411 1.01279
277.293 0.300456
2745.32 0.408489
0.0499824 6.43852
0.0399702 0.48737
0.127907 0.437257
6.37211 0.556692
0.183813 3.4432
0.00670789 0.376944
6460.51 0.155126
127.352 2.48176
0.000205458 0.275236
0.0337648 0.309089
0.00146174 0.234496
458.76 0.872615
7758.27 1.80283
165.563 0.13954
0.737925 0.776739
0.00232423 1.5376
0.000172349 1.35609
112.545 8.11276
14429.6 4.86952
0.00934671 5.0544
6465.17 1.21027
0.10338 0.145857
0.0160532 1.05967
0.000289819 5.52702
0.135557 1.7375
3.08931 0.338427
2.08652 0.136154
0.233343 4.83892
0.0068743 4.31257
7.75099e-05 0.277309
0.00135342 0.111492
0.000390061 2.91487
0.0985362 0.348134
0.151803 0.187035
3239.66 0.188797
0.385609 1.40363
0.00156371 1.50323
0.0387546 1.09908
60.9636 2.18889
240.366 5.51351
0.0249573 0.962791
0.00594178 3.42857
13761.6 4.97636
0.31338 0.294253
10.7026 0.189897
0.115244 0.234191
8.97937e-05 2.20887
0.0920471 1.81076
1.25502 0.106393
416.999 8.14584
149.957 0.606929
18.515 0.3786
0.235659 0.404641
0.00183136 4.99873
0.308889 4.24
7616.97 0.691407
0.209189 0.566325
28.6262 0.164505
11165.7 2.34756
5.4753e-05 0.185671
1405.36 0.956843
1.38083 1.26026
34.7017 0.118036
0.00412562 0.686638
5.81364 0.559133
29.7812 0.369414
18.9915 0.118181
0.360524 2.69925
0.000368466 0.197806
11663.1 3.98986
0.127517 0.198943
0.0372036 2.41508
46.4107 1.5176
1.19602 0.364872
137.038 0.18743
0.0303022 5.48206
0.0109428 1.92197
2.82256 0.177405
230.71 4.18906
0.261147 0.105236
0.114336 1.48076
0.0869362 0.115678
315.394 2.31444
0.0001204 0.43766
0.000394193 9.07922
0.0600334 0.136446
89.4517 2.23073
8.65166e-05 7.70093
301.469 0.371829
0.000191383 7.37595
5507.09 5.03423
37.1191 1.80124
0.000799273 9.17514
588.026 1.81472
0.00742104 5.71958
6.42171e-05 1.27986
435.866 0.195303
0.000310324 0.665227
5729.08 0.340501
2.53089 0.375101
82.0148 6.38556
6.81816 1.25856
8.75365 2.81775
381.628 0.108667
10.9164 2.61133
24.5401 3.3631
0.00385431 2.7744
26.6893 0.871898
6.4893 0.200352
0.865148 0.210269
0.000214651 0.457488
0.0185947 1.86555
1319 4.3519
0.0458073 0.680587
0.00101823 0.191899
2.21755 0.302407
0.473599 3.89484
0.0116473 1.62529
1492.83 1.42602
0.436105 3.33588
76.9889 0.325266
8699.13 5.92489
4.27796 2.91018
0.000775371 3.74404
0.131999 1.06682
0.249587 0.355072
0.00012481 0.175412
4742.78 0.208566
276.356 0.383966
0.912001 4.07546
0.155477 1.58879
0.0106326 6.80458
0.135474 3.12207
0.00107626 0.123834
0.0104234 7.093
6.76161 3.03395
0.962241 0.342409
352.261 3.95554
305.304 3.12285
16559.3 0.127865
0.233221 0.144192
0.00177213 2.86537
500.582 5.24546
0.152668 0.259671
0.000600506 0.244785
0.436426 0.260568
0.264688 4.55442
294.063 2.20306
0.00193492 0.228773
9.1028 2.06467
0.00276263 2.74006
0.00481516 0.145488
11.9171 0.701676
163.579 0.243133
0.00739127 0.239908
0.450974 0.100224
0.000201973 0.447875
6625.39 0.159936
324.504 9.90826
0.050287 3.22665
0.417981 8.20338
14.7761 0.18654
0.0041766 0.830873
29.4263 8.13946
0.00255706 3.83546
0.243369 0.948718
0.853026 5.23231
170.449 0.147377
7904.21 0.592899
0.0147868 0.477226
6409.52 1.01816
8.45402 6.28484
194.328 0.865103
0.0321562 0.804001
5463.76 0.293393
0.160369 0.21449
2456.88 3.86913
0.0147418 2.27464
11.8255 0.776499
3.39929 0.100189
73.6011 1.18306
8485.77 6.47741
0.023775 0.778777
72.7688 0.105012
484.992 2.82287
1589.41 0.651091
0.00281047 0.230277
351.968 0.136295
0.0509073 0.120602
7.83287e-05 9.16698
9.21789 5.38357
90.4958 2.14754
478.791 3.33955
0.000148265 0.257284
587.292 3.36028
0.694419 5.33694
0.00457183 0.163913
898.844 1.71436
102.563 0.213073
0.00552204 0.221783
7230.55 2.26867
0.0206427 0.762951
0.000181392 2.56282
0.00536555 0.371626
2536.68 2.85595
152.82 8.11738
0.00292288 7.83066
0.123387 1.35906
0.0737073 1.01381
210.485 0.520494
5.37672 7.67134
3636.51 0.587631
2948.24 6.29373
0.128911 0.172842
0.0489098 0.379587
0.00412093 3.10525
171.382 0.531887
0.00164121 0.398504
0.243592 6.43334
0.35638 1.92639
0.000535594 0.184199
0.000693918 1.97885
14743.2 2.09246
0.0210033 1.72937
30.5021 3.22033
64.6745 0.526377
0.0644385 0.224717
452.939 7.25279
14257.9 0.551823
0.00089135 2.10401
0.00668142 4.85363
0.127986 4.48118
0.00446116 0.655907
0.000349687 0.625626
78.265 0.36174
0.00145825 1.29137
0.148142 6.51614
0.00132948 1.09798
0.0656782 9.69018
1078.13 2.79769
0.000129857 3.46094
2.18484 0.138943
4.33674 0.315768
0.000794856 0.380262
45.5991 1.47432
11.5584 0.171439
0.857342 0.780711
0.0369719 1.72657
0.000365708 1.92637
10582.1 9.57915
0.00260866 0.411724
7.79955e-05 2.28487
0.00266108 0.194197
0.000414724 3.07137
560.584 0.425587
7.0923e-05 9.40206
0.000211537 0.1427
0.0179068 0.198668
0.00686645 0.127249
1906 2.2327
0.00103722 0.213455
847.958 0.627745
0.134564 2.06515
0.00929576 0.832447
498.026 1.94492
9444.68 9.45401
0.00248183 0.693243
1971.7 3.97579
0.000141655 0.131083
0.250863 0.544235
0.12388 1.13105
85.8791 5.9158
856.15 0.233388
0.000438802 2.71853
0.113839 3.12535
0.783395 0.101386
1.74415 0.203402
94.0119 5.65656
0.248128 0.980497
0.00318608 4.45547
5.17816e-05 2.59329
0.0421485 0.301797
0.216147 0.291696
1337.52 2.3959
0.00143684 1.23566
0.0336499 0.108702
23.1056 2.7139
11.7182 1.46784
625.639 0.241458
22.2624 0.677361
5.9243e-05 2.99517
0.0573232 3.09392
0.375797 7.66547
0.0116239 1.9131
0.00688627 7.93951
0.165334 9.82217
4072.58 1.3521
0.000133975 0.276942
3853.88 0.377585
0.508732 0.192244
1189.12 8.42405
0.00229117 0.738526
985.354 1.83295
0.000364984 0.829347
2.92647 0.210929
149.466 2.99866
0.000130801 6.04494
0.000371712 0.772685
3.21257 0.239155
0.0174995 0.28478
5.44548e-05 0.787047
75.5908 0.636366
53.1648 0.351235
0.0664602 0.631073
4721 0.187139
0.435576 0.34593
970.418 6.99602
1.49795 1.61918
5.01441 1.2844
0.00344529 2.10676
7473.59 9.11428
6.57264e-05 5.90484
0.00553805 1.60173
0.000413423 8.51513
4.64069e-05 0.15522
0.760039 2.70546
0.550531 4.63693
25.0152 9.73246
7.8069 1.31331
0.000422424 1.02499
0.240417 0.563192
934.336 0.961057
123.065 0.40541
77.5892 0.91656
3802.16 0.33537
4.93097e-05 2.96697
5.03837e-05 5.22698
14672.5 1.53104
45.5219 0.802697
6.24738 0.743923
3.9607 8.04167
0.00207586 0.612784
0.000359419 3.63331
1.23243 0.410132
40.9737 4.2274
0.00733862 0.140273
4706.79 2.35933
5.56019 0.373383
0.00358888 6.35031
2524.35 0.709764
0.0139879 5.87118
0.0063352 1.99658
0.0367504 2.65646
2345.59 0.318237
0.000868957 0.287001
44.9623 0.854421
0.113809 0.729372
127.904 3.75539
0.0113994 2.99806
0.0281911 7.3264
6.58346e-05 0.649071
0.00835471 8.31068
13.3273 5.49755
0.07662 1.59292
1.63289 0.406142
3676.03 0.10034
203.635 7.62775
64.8057 0.112885
2.16468 0.540352
396.312 1.37163
0.130915 3.63995
0.011763 2.22042
1.34778 2.21889
176.895 0.59504
0.301218 2.05368
1023.2 4.6417
0.0073672 0.114163
10654.1 0.404334
5.43218 0.151646
0.189513 7.777
5.24646e-05 0.256241
0.000282165 0.100325
0.00392962 0.14462
807.489 2.61395
0.0223439 0.2923
0.0851482 2.63463
0.368513 0.607431
14652.6 2.63271
5655.37 3.63598
0.0207232 1.16969
0.564843 1.54966
0.982794 5.85469
0.20103 7.87886
0.0607519 0.273168
0.483083 5.6009
6.14378e-05 0.346454
1805.94 0.15011
6.82095 1.16337
6.29846 2.55943
3.30586 0.127701
636.12 0.247867
1.2324 1.26318
0.00700713 0.789735
12.7751 0.362385
1949.38 0.749159
9074.16 0.474763
4.57357e-05 8.6904
1901.13 5.07798
0.000211369 5.02535
76.2333 7.58433
1675.86 0.150659
0.0200652 2.3308
0.431822 2.06393
0.000529321 2.65939
2.84818 0.13104
3086.54 0.271953
0.000621052 8.3157
7.41342 0.123352
0.169916 1.88
7.3477 0.273023
14881.2 0.360692
79.8054 0.525692
0.0889401 1.52052
277.035 1.05777
14573.3 0.754059
7317.78 1.86875
12.1502 0.34879
0.628976 0.12193
13.2144 3.05678
17.8273 4.7719
1.5022 0.61518
3006.92 0.973202
0.000123583 4.48708
0.000997723 2.03724
0.005451 0.200863
2667.38 3.19322
0.00285682 0.160181
6.29704e-05 2.23403
12029.5 7.24748
5537.61 2.18703
0.0251151 3.03428
1030.36 9.89741
59.6136 2.88435
