16.1
17.8
17.1
15.0
15.0
15.2
19.9
15.3
15.0
17.7
18.6
13.9
17.5
18.9
18.1
21.5
16.7
18.1
20.4
17.2
20.3
20.4
20.6
16.1
20.6
17.8
19.6
18.2
17.4
20.5
17.5
18.0
19.8
16.7
18.7
15.9
16.5
16.1
17.3
20.2
19.1
19.9
19.8
19.8
21.1
18.6
17.2
16.9
20.1
19.1
16.9
16.6
20.2
20.6
17.1
18.2
19.5
19.2
19.5
19.8
23.9
16.9
17.5
19.6
17.6
21.2
16.7
17.1
17.4
18.3
18.0
17.8
16.7
16.6
16.9
19.0
18.2
18.9
17.0
17.9
17.2
19.9
18.8
22.0
18.7
22.4
17.9
17.1
17.8
22.0
16.3
16.7
16.2
17.9
17.1
18.7
17.6
16.8
17.4
15.4
18.2
17.7
18.4
19.8
17.3
17.3
19.5
21.2
19.4
18.8
21.0
18.4
16.2
16.7
18.2
25.1
20.8
17.6
17.6
19.7
19.5
19.6
18.4
17.8
16.5
19.0
16.5
18.6
16.2
15.5
17.4
15.5
20.2
17.9
16.5
20.1
17.4
17.3
18.2
21.6
20.4
19.7
16.5
21.2
20.1
17.1
18.0
21.2
20.5
19.0
17.3
17.3
21.8
19.3
19.7
18.6
21.6
17.2
18.3
15.8
17.7
18.4
14.6
18.3
18.8
17.2
19.6
22.1
22.7
17.9
20.9
18.6
19.8
17.2
13.7
18.0
16.0
20.3
19.2
19.8
20.1
17.1
20.1
19.2
20.3
14.0
19.5
19.4
16.9
18.3
16.5
18.1
16.1
17.0
19.6
20.2
17.6
20.6
16.1
18.5
19.8
17.3
19.8
19.4
15.9
20.4
17.7
14.6
19.8
17.9
18.0
15.3
18.5
16.2
17.6
18.6
18.9
16.6
22.8
17.6
17.4
18.8
17.2
18.1
20.5
18.8
17.2
18.7
13.9
22.5
17.1
21.9
16.6
17.4
19.1
17.4
17.5
15.6
19.7
18.6
22.0
17.2
17.8
19.1
16.8
19.4
18.8
15.5
17.2
20.1
17.5
16.3
20.3
17.1
16.7
18.8
17.3
20.8
18.9
18.1
17.7
20.6
18.3
21.4
17.3
20.7
16.1
19.0
18.3
15.7
17.5
18.4
21.8
18.2
16.2
25.6
19.2
16.3
15.8
17.5
21.9
16.2
17.7
17.1
18.3
17.8
18.7
16.5
16.4
19.2
18.8
19.9
18.3
19.0
19.5
21.2
16.9
16.6
20.0
19.6
20.4
18.8
17.2
16.4
18.4
19.8
19.2
20.8
20.6
20.0
15.7
19.7
18.3
16.6
17.4
21.5
18.9
18.7
19.1
18.1
20.4
15.9
21.9
20.0
17.7
16.6
18.5
18.8
16.7
19.7
21.5
18.3
15.5
18.9
18.7
21.9
17.4
17.6
19.2
19.4
20.7
20.6
21.4
18.8
18.7
15.3
14.2
19.2
19.2
14.5
19.3
20.5
15.9
14.1
17.3
16.1
18.4
18.9
21.7
17.1
16.3
16.3
18.6
19.4
18.1
17.4
19.8
22.8
16.7
20.1
19.5
17.0
18.1
16.9
23.0
18.9
17.4
16.1
19.6
16.1
15.6
18.5
19.7
16.7
20.4
16.9
17.4
19.5
15.3
16.2
17.5
14.8
17.5
17.6
16.4
15.3
16.1
17.3
17.3
17.7
19.5
18.2
18.7
17.3
20.0
18.2
18.3
17.4
17.5
19.4
19.9
16.9
17.9
16.7
16.7
26.3
20.7
18.5
15.0
21.2
17.4
17.5
20.0
18.8
16.9
20.6
19.0
19.3
20.6
17.2
18.1
20.8
22.1
16.8
18.7
18.6
17.0
21.7
21.8
20.9
19.7
18.2
18.8
17.4
14.9
19.5
15.9
18.3
23.2
17.5
17.4
19.2
17.1
18.6
20.2
19.1
20.0
19.4
20.5
16.1
17.9
15.9
17.3
19.0
16.5
17.4
15.7
16.1
16.1
16.4
18.5
18.9
17.1
19.3
17.9
15.1
17.8
17.6
16.2
16.6
16.8
18.5
17.9
16.8
19.3
15.4
20.5
18.8
19.6
14.5
17.5
16.2
18.4
16.9
16.6
17.0
16.8
16.1
15.7
19.3
20.0
20.6
17.4
16.9
16.9
15.8
17.3
18.4
16.9
18.3
21.3
15.7
17.3
19.9
18.3
19.8
17.0
19.4
17.7
17.1
17.8
18.0
17.2
17.8
19.8
18.1
21.1
21.0
17.2
20.7
16.0
19.6
18.3
19.2
15.6
19.8
21.9
17.0
20.5
16.9
17.0
20.1
19.4
19.5
21.4
17.9
19.7
19.6
18.8
15.1
17.5
17.5
20.5
18.0
17.7
15.9
15.9
21.0
16.3
16.1
17.8
16.4
18.3
18.1
17.5
15.7
18.8
19.4
21.3
17.4
19.3
18.9
19.1
17.8
15.9
18.8
18.7
17.2
20.1
17.4
18.2
17.8
20.0
18.0
20.0
19.3
18.5
15.6
16.5
17.7
17.6
14.7
19.8
17.6
20.5
18.2
20.3
15.7
17.1
18.1
18.3
15.9
16.9
19.3
21.0
18.6
24.6
17.6
16.1
16.5
18.3
13.7
15.3
16.9
17.5
18.3
17.0
17.3
19.8
18.5
15.0
18.4
16.4
17.3
19.3
21.2
17.1
15.4
18.3
18.1
18.8
15.7
23.9
17.7
16.8
19.8
16.8
17.1
17.1
20.8
18.3
19.6
20.5
19.5
21.6
20.6
19.4
17.3
16.3
17.7
20.2
18.2
18.8
19.6
18.5
18.9
18.0
14.9
16.1
19.2
17.2
20.8
20.8
17.9
15.9
14.5
16.7
16.3
18.4
16.7
15.0
20.0
19.6
19.1
19.7
16.6
19.8
15.5
18.1
16.5
17.3
15.2
15.0
18.1
19.9
16.8
18.1
15.8
15.4
23.0
20.2
19.2
21.1
16.9
17.5
17.5
17.7
19.6
19.2
16.1
19.0
17.7
18.1
16.9
21.0
17.8
20.3
17.6
19.4
18.0
21.4
18.7
17.4
21.2
17.5
18.2
19.2
18.9
19.9
16.6
19.0
20.0
19.5
18.5
15.8
20.2
19.7
20.8
16.7
17.8
16.5
17.5
19.1
21.6
16.7
20.9
21.0
15.4
16.6
15.9
17.1
19.6
20.7
18.3
18.6
19.0
19.3
18.0
22.8
21.5
18.2
15.4
18.8
18.4
17.7
16.1
15.9
17.7
16.7
19.0
18.4
17.6
18.3
20.8
19.9
19.3
17.8
19.0
16.1
18.3
19.4
16.1
22.8
18.3
22.3
15.9
18.9
19.5
18.7
17.9
23.2
15.5
16.3
16.7
17.3
15.2
16.7
17.6
19.6
21.0
23.6
16.5
20.9
18.4
20.9
18.4
17.2
19.8
17.7
14.8
18.3
16.3
15.8
17.2
15.6
17.5
19.0
17.1
17.1
18.9
17.7
17.3
19.6
17.7
17.0
20.5
15.1
18.8
17.3
19.5
21.9
17.0
19.9
16.9
15.7
18.5
17.1
19.4
17.9
17.8
17.7
16.7
21.7
17.1
22.2
17.3
16.9
21.0
19.1
19.2
15.6
17.7
19.0
19.5
15.2
19.2
18.8
19.9
19.3
16.7
16.0
14.6
21.8
19.8
15.6
18.5
19.4
20.3
17.8
21.1
16.4
18.0
19.4
19.7
21.4
16.2
15.6
17.8
17.3
17.4
19.0
19.8
18.2
16.4
18.9
15.7
17.8
19.9
17.1
19.0
21.8
21.9
14.5
19.2
18.8
20.0
15.3
16.4
20.7
17.2
15.9
17.2
19.1
16.8
17.6
18.6
17.6
18.7
18.0
16.7
17.6
20.8
18.4
17.3
18.0
17.2
19.5
15.9
16.9
18.3
18.5
17.9
15.5
16.5
22.2
17.1
17.2
20.7
16.6
18.2
20.5
18.8
15.3
16.6
15.3
16.0
18.8
21.2
21.1
18.3
14.2
22.3
18.3
19.6
15.7
20.8
15.1
18.8
18.0
18.7
18.4
17.0
20.8
17.7
20.5
16.4
19.1
18.0
18.4
16.7
21.2
17.5
17.3
18.7
20.9
17.7
22.7
16.5
20.2
14.9
18.4
19.1
18.0
21.4
18.1
19.5
17.7
15.6
14.8
17.9
18.0
19.3
23.1
17.4
18.5
18.7
20.9
20.9
17.3
18.4
18.1
15.9
18.3
24.3
18.4
18.3
17.8
19.2
18.7
21.0
19.8
22.8
22.4
22.3
16.1
22.9
18.2
18.7
18.1
19.7
# Found 1000 complete reps.
# mean(depth) = 18.311799999999998.
# std (depth) = 1.9029505406079266.
# sem (depth) = 0.06017657982969787.
