0.00110918 9.64474
0.955107 4.38977
0.586002 0.886134
0.000201678 5.66782
7.4609 0.149375
0.0859927 2.15209
1753.92 0.854155
0.000373468 5.78855
15674.3 9.74894
0.0170606 7.35765
0.0023741 0.149506
0.000110818 2.58268
8.89534 4.05071
61.7565 1.29839
0.11969 0.233599
0.1249 0.979098
0.298951 2.82316
0.194207 7.98553
0.3062 8.49636
5211.91 6.0022
0.000209276 8.49274
0.000388278 0.128863
2.99461 1.76611
0.250234 0.150434
27.1756 8.96162
7.34422 1.56929
0.00362931 0.557747
0.00102719 2.19574
0.00281313 1.51292
0.000361771 1.33272
8120.61 3.88562
1.23847 0.332981
0.00424549 0.455808
14060.8 3.16479
99.9987 5.18018
0.0647872 0.816043
376.297 1.73379
0.0029626 4.18639
6.44619e-05 0.50754
15677.3 1.05962
4.90662 1.71382
0.0305422 0.190114
267.76 5.36926
0.117364 0.263313
0.00114407 0.116927
0.0196838 8.41692
2.30106 5.49493
0.463452 2.325
0.000997186 5.75444
1201.79 0.108994
811.332 0.256444
0.000573902 1.00527
3.14738 0.75196
0.0152726 1.83751
3.73347 1.06302
0.090208 0.362275
0.00758568 7.26894
0.00170983 5.15439
0.965272 7.35781
0.0026009 1.15914
7286.25 9.29345
0.0927575 2.49479
982.255 0.575808
0.00590282 0.135664
10.5526 0.105086
0.666919 3.79175
16530 3.04406
1.73547 0.116729
3539.66 0.187512
0.000265831 0.320332
9.2215 3.14353
69.5714 1.5672
0.330993 0.162496
0.00319877 2.04622
0.239518 0.944904
444.809 0.303295
0.000371116 0.309267
1261.66 9.84438
7.34167e-05 0.420266
0.0575759 1.26131
1568.88 0.142753
0.000857222 1.58739
0.867082 4.76783
0.000181052 0.143559
12.8256 0.247685
2198.55 0.123487
0.00052874 0.114639
0.0178086 0.895496
18059.4 1.2533
3629.42 0.110987
0.466489 0.989006
5897.24 0.727766
4716.75 4.51399
0.000140961 1.8365
19.6563 1.02115
738.863 0.223655
1313.4 0.414696
576.578 0.278547
0.0282376 5.16598
0.0478825 1.04101
249.932 1.23509
0.000321345 4.77865
241.088 0.190128
0.10208 6.12629
28.2435 4.88246
76.9953 1.70455
19.75 0.286975
0.528315 0.112227
0.133589 2.53417
193.79 0.789262
0.0849783 0.125087
3.08437 0.555711
0.000135288 6.22811
0.0566962 3.29389
10131.1 1.03628
6.29864 0.177003
1740.37 9.80626
0.00105236 6.56907
0.00790758 0.302625
0.448844 0.243592
0.0155983 0.209092
0.129829 0.238989
16042.3 0.241327
3.22015 0.966948
0.00852281 3.17797
0.0201121 0.274084
0.0141865 2.71535
0.000426212 5.81092
0.0154788 0.349223
24.1245 0.637922
0.000931299 2.6794
1.20655 1.39401
0.0728197 0.245305
3.99246 0.136093
328.68 1.67331
20.352 0.275039
0.491017 8.60432
2.93375 6.63543
235.517 0.854072
11.4333 2.27892
2.46637 0.621419
308.372 1.61314
560.453 1.99045
1311.25 0.278239
50.2541 0.223513
6.55991 1.49307
0.658722 0.218499
0.000978497 8.16309
3221.57 0.293882
3.97535 0.13251
6.14943 0.44988
0.00905427 0.450677
5.43561 0.428345
85.9917 0.922057
345.45 1.43488
11262.5 0.396511
4472.17 3.94601
0.013745 0.205906
0.0183092 2.04601
0.00770408 3.40725
0.075363 0.654971
91.8649 0.175827
5332.45 2.69246
590.374 0.86799
20.7796 0.234883
0.99907 2.23172
2475.91 5.78894
0.000284644 6.41985
0.000854793 0.346739
0.772644 0.979604
0.0454805 0.183563
195.802 0.491543
0.000270944 0.750191
0.0704402 2.64106
0.0244694 0.397003
0.000277807 3.50227
0.143277 5.03496
0.012127 7.78989
101.825 6.40422
0.0016206 0.722488
8167.85 0.629558
15.3847 0.569471
0.0336043 0.17628
288.343 0.466947
1005.91 0.297926
0.00012178 1.90054
0.20329 0.102221
0.261969 0.239475
0.0310719 7.15552
555.063 1.39034
0.000333409 5.76522
0.0283536 0.163121
0.000149908 0.299081
0.000607457 0.265314
24.743 0.191614
1.07077 0.164693
0.000239108 8.72833
0.000342 2.85472
14.4011 2.92962
69.9932 4.83563
4094.43 5.73542
14118 1.67705
238.27 0.497933
374.361 0.502321
575.045 3.91073
8.09105e-05 0.870104
97.8612 4.31994
552.24 0.625404
0.0985778 0.594433
4.438 7.48231
19650.1 1.58763
0.000298553 5.07697
0.369848 2.99328
5479.66 0.973976
781.262 2.07452
1665.15 5.81049
161.776 0.545895
871.288 6.21698
0.0114054 0.155145
19.0408 8.00813
0.0630309 0.419387
0.0547026 1.11557
0.0256452 2.82204
6.90119e-05 1.97117
0.275774 0.271162
0.000337082 0.285178
0.00324761 3.07848
555.318 0.931748
0.407058 3.05593
7989.86 0.151823
279.594 0.568164
2.20856 0.249658
0.022159 1.3036
741.686 2.35979
0.0970126 1.35279
0.000589872 0.1421
118.952 3.90845
56.38 1.67095
0.00621066 0.113106
0.0433716 0.172037
0.00723613 2.72197
0.00761332 0.764088
55.3134 1.31669
20204.1 9.33165
0.0902251 0.754778
0.209515 0.246687
1040.63 0.177595
665.594 0.744699
1138.92 0.261022
175.196 0.187842
26.0865 0.188029
4970.95 0.955771
1.28286 0.185418
0.0802897 4.78936
0.0200098 0.588906
210.239 1.79989
3638.7 3.17735
18747.3 3.16646
0.000124992 9.76294
0.000518 1.74024
0.00848589 1.00626
15290.6 0.131066
36.264 2.93872
0.3312 0.225376
0.00116462 3.2458
0.020476 7.27217
7.77435e-05 2.70429
10.0598 2.56457
32.5602 0.668512
0.000348046 0.121213
0.000343227 1.27576
661.974 1.3885
4138.39 2.11946
0.0693509 0.605048
3311.84 2.06521
133.219 0.241467
0.852607 0.114159
113.206 8.21376
0.00033996 6.90202
3338.32 0.508339
196.204 0.342383
0.0627754 0.641775
0.022869 6.43763
10.6109 2.64465
0.00120591 1.41725
5.72906 0.784955
11.9413 7.39026
94.4391 8.41988
0.000112844 3.09791
13.7742 3.1049
6957.33 4.10971
0.0100404 0.125546
0.000696871 0.326218
0.490458 0.13889
1.40418 0.335719
8253.02 4.1062
246.271 0.127889
3.5523 0.127155
0.0042407 1.62716
202.96 0.626411
3.31194 1.33779
0.0634245 2.34167
4642.95 9.60896
35.8198 9.07018
0.363383 0.175243
0.000623809 0.693223
19937.4 0.240206
0.0686281 9.18607
0.0629146 0.243019
0.0141221 1.14855
3350.79 1.53986
0.573687 0.303097
380.504 0.463087
72.0069 1.017
137.301 5.67803
207.213 0.212619
0.0104942 0.342888
0.761623 6.46444
391.729 5.4001
0.0823509 2.12942
0.000426262 0.200639
9733.92 0.854428
0.546901 7.13092
182.781 0.344418
0.00228645 0.699011
5.16111 0.670759
0.000285284 0.584305
1380.38 0.706999
4.04343 1.32046
1.3807 0.162526
2.69892 0.218273
281.865 1.02753
0.0122585 0.161971
0.0052354 0.543189
5.50884 1.96936
11407.5 0.161642
0.000106774 0.135885
15755.3 4.07935
137.659 1.06584
5.75535 8.01232
0.00204442 0.528389
37.6265 0.607309
1004.89 6.98984
0.465915 0.177368
0.302274 0.867071
0.0178379 3.54767
4276.45 2.02847
0.211328 0.247437
205.616 3.44581
7.29416e-05 0.535258
154.924 0.540441
66.3343 1.378
0.524325 4.48395
0.000187832 0.245687
799.347 0.278313
6825.81 1.47186
0.311377 8.25573
0.00869004 0.616303
1.24222 0.257458
1.48554 0.464132
1.87536 2.36084
0.000697201 1.28723
31.2033 2.89039
0.0421998 3.58227
0.0862327 0.252185
9449.51 5.5057
1952.61 0.401982
42.7082 0.16131
0.000480893 0.118086
2.54752 2.3306
13.0243 0.109542
0.00033535 0.580915
0.0166074 5.41957
935.451 0.241877
3981.7 0.172976
440.255 0.128155
4346.38 4.3078
2480.82 5.26673
0.00862545 2.57338
7459.7 1.06679
0.0253696 5.28976
16043.7 3.73951
6.22403 0.249526
0.000547148 0.653727
0.00580099 4.283
0.00451484 5.20974
0.0499595 1.31809
0.00361331 0.873565
0.00257426 9.3736
0.0827672 6.77204
183.113 0.418935
0.00111229 0.601656
0.000187797 6.72476
0.00187113 1.34268
0.818506 0.801333
0.32997 9.62636
420.282 1.59055
0.116542 0.667186
0.0190983 1.10732
7792.4 0.51192
35.9885 0.101253
0.000805993 2.08435
0.000564154 4.38393
0.0347254 0.927959
12778 0.232914
0.0934419 3.91518
1518.21 0.25263
0.00718754 2.71807
4622.81 1.00914
0.00195649 0.740002
196.442 1.2692
0.0961729 0.586549
218.607 0.134316
2.25818 3.43136
3302.28 3.32884
833.245 0.121761
0.00229352 7.31119
0.000123807 0.626328
8.71524 3.44108
0.00141378 2.43844
11.9166 0.132303
0.231155 0.221547
0.218818 0.157156
1.12951 7.25725
0.00728098 1.27392
0.00080175 0.233601
0.138338 9.84415
0.175673 1.27427
20248.4 0.220442
0.000136363 0.637374
0.000189239 0.571736
0.0486776 0.39891
0.000237417 1.47251
1234.6 9.11974
0.000102479 0.368558
40.6787 3.5995
4076.07 2.17262
0.000568623 0.133787
10998.6 0.20476
607.927 0.384422
0.0263462 0.346234
303.322 6.38024
41.7922 0.2064
1.33544 0.28455
0.669288 0.515782
318.806 0.257126
0.0101827 0.789199
3.03943 3.00549
10.2615 0.100996
0.000563143 1.6187
0.000302998 0.245719
0.000326369 2.6957
0.0336775 2.42605
3985.98 5.95744
0.000828064 8.38065
9.65735e-05 4.14507
7.77147e-05 7.91891
88.3925 0.266274
2078.78 0.215442
1258 0.741242
21.7858 1.52434
0.00474872 3.57879
1.36006 0.6814
1706.48 0.522125
0.0125705 0.741215
496.935 3.36882
2606.16 2.67689
397.708 5.53928
0.000530105 2.41714
0.0211267 0.160599
55.8478 2.46703
481.639 8.94182
1.859 1.40252
17820.5 4.83259
0.00338095 0.387496
41.4081 0.498198
0.00381578 4.17082
0.58661 0.178972
0.00240583 1.52497
107.187 0.739525
88.2448 1.46669
0.00452973 0.16083
0.000456217 0.491103
0.00236388 8.95167
4572.98 0.338854
0.42073 0.67213
0.159431 0.105831
179.791 2.68509
0.000971253 4.90834
0.0260303 7.63934
0.0176744 0.11896
3.23547 3.51188
800.31 8.98396
0.221514 2.64109
12017.3 0.229086
0.00112653 1.9098
2.23017 1.31001
2.72813 0.285172
0.0892844 4.01968
15091.2 0.129515
0.01779 1.27547
0.000304237 0.257888
0.000233967 4.27198
2396.83 4.86454
3.92107 1.42583
1131.54 0.403303
1590.86 0.432026
112.267 0.455861
232.206 1.78778
5926.51 0.801339
5.54291e-05 5.6662
0.000159659 0.537425
3.2565 3.98235
0.042893 0.456729
14.7497 1.30798
0.526489 2.8841
2.04902 1.05435
0.0372555 0.406222
1.4167 1.23023
0.00105642 8.92597
70.21 8.35915
1024.93 0.942315
9.50473e-05 1.85641
0.0112363 4.12949
9.83841 6.22269
0.190637 0.109945
0.00243818 6.17421
62.3711 1.29422
0.00932018 6.76311
0.0128182 9.78302
111.001 3.9104
1059.37 0.349773
0.0211317 0.510403
1941.85 9.93791
4.11085 0.566524
0.00492594 0.106305
1.57248 7.38606
745.295 0.720816
16678.2 1.33403
0.000697633 0.368076
0.213788 0.266306
9.4475e-05 0.217036
0.0178165 0.125642
431.637 1.74449
1.91238 0.116204
0.115113 0.11861
796.535 8.04074
1002.68 0.262988
953.974 8.13003
466.285 4.5696
2.1183 5.02682
0.0869128 5.7872
1.84519 0.464224
14.0799 1.4602
0.000665106 1.18925
18.8306 1.09877
5507.71 2.27707
606.236 0.420263
95.636 0.670299
2.22348 2.46796
777.71 0.698626
6971.99 0.61941
5.97833 0.187312
1624.88 0.100728
0.401923 2.25338
0.0677948 0.624928
31.1639 0.274709
69.6593 0.52707
0.00115079 0.168896
1.53965 2.14846
0.0360942 0.1358
261.334 0.1607
6.26576 6.72538
162.964 2.18381
1241.6 5.05503
63.8153 0.606311
0.0350689 8.1221
7143.82 0.72728
0.000266611 1.29155
2.12696 4.99354
0.245272 0.61766
0.0478398 0.211156
67.5168 0.123671
2898.06 1.1732
0.126288 0.850448
0.00759714 0.175998
29.8838 0.2608
0.000207035 1.39826
0.000167994 1.49519
0.00152006 1.92814
5805.59 5.86788
2881.77 1.06619
0.0229132 0.168827
3135.78 9.01738
0.00702795 0.129413
16109 0.283533
0.000795614 0.258961
1.29392 0.52773
0.00346386 0.181672
213.805 0.383479
1.62239 0.728423
581.094 1.42955
10.1429 1.37051
178.179 0.212687
15.2359 0.217641
7.38524 4.09388
0.192292 0.462264
0.000482959 3.91029
1872.33 2.29583
1.54919 0.370221
28.2261 0.305911
0.00952123 6.05462
0.0482564 1.38864
11029.6 5.80987
0.000191406 0.614906
0.00483872 0.561352
0.00276456 0.117633
1.69796 2.58797
0.0756741 0.398472
17127.1 0.641317
28.0554 5.44939
84.2051 0.486001
1.15642 0.857676
138.312 1.33298
3661.61 0.305679
61.4438 1.53077
2.06718 2.25849
0.0194651 3.42832
0.000245226 0.213067
32.1161 0.627257
423.127 0.587289
0.00115817 1.99553
0.000732321 1.78574
5939.41 0.61079
0.0774625 1.41373
0.000419543 0.178823
0.000541911 0.695108
2.20759 0.333595
2661.29 0.866301
3.32765 0.541876
0.000686773 0.325977
15411.3 0.744945
0.0207998 0.35226
1004.84 0.271111
19.5844 0.216198
2.1223 0.231545
29.286 0.344793
0.99344 5.93764
8.10323e-05 9.13948
4.5649 0.110384
8.64705 0.186185
0.0379093 9.86569
0.00025492 0.166439
0.991168 0.183211
5.69242 0.39186
382.164 0.199437
0.00416638 0.535367
0.00020655 0.205961
0.00476345 1.86119
8.2184e-05 2.88238
6.01675 1.1233
5.88183e-05 0.488636
294.437 1.25461
4270.77 0.391542
97.9018 2.91494
129.918 1.02569
1523.17 1.68382
0.000155227 1.23441
2013.15 8.10108
0.089812 0.689932
145.887 0.796432
3.69245 0.23534
8.28932e-05 0.257771
3.41271 0.115859
459.532 0.208162
544.032 2.09518
0.00125325 0.132655
0.241012 3.54857
2543.17 0.103395
0.0320015 0.173023
36.3388 2.2594
7185.43 0.791768
9764.1 1.23198
1.40367 4.90287
0.174813 0.131196
20543 3.64641
0.635305 0.145995
17.7141 8.41741
4229.54 0.618458
15.8331 0.313707
0.337552 3.4105
40.7605 0.374748
2.48604 0.349908
18252 0.936442
85.3579 3.38795
394.675 0.7808
4601.66 0.886504
3.93326 0.283105
1179.64 0.381344
0.033305 1.78007
8.67645e-05 0.310439
0.0500607 8.65869
0.00281705 0.649707
4904.34 1.09987
17541.4 0.178495
0.0289491 0.10609
156.871 0.93013
9909.96 0.527225
13116.3 0.173762
0.0269419 7.99562
4.41225 6.17394
0.497388 2.0116
85.2737 3.87967
0.691652 0.147065
8.14705e-05 2.97137
53.8743 1.23696
0.0100437 1.16269
4.5562 0.441627
4.61581e-05 4.62167
0.0638555 0.400874
8480.91 0.158666
0.0511166 0.258216
0.0235674 0.65436
0.0423426 3.34067
0.0223928 0.150052
2.21681 0.987007
0.118821 2.79208
692.596 0.568452
755.781 2.55324
0.00661575 0.66142
0.000706682 0.66321
1.56811 7.18896
0.117674 0.17538
6.50535e-05 2.45246
4.8909e-05 0.158846
8.23222e-05 0.121769
0.244642 6.65194
0.0982881 4.43285
867.082 2.75983
0.00823956 1.03272
0.82811 2.51265
0.000232633 2.99056
1758.61 0.126548
209.67 0.550963
0.0301597 3.08009
6414.58 0.256534
385.348 0.356745
3.09727 5.44223
1.30086 0.125219
19.6291 1.25347
0.00696158 0.371086
0.00917424 0.51296
0.000155505 1.96931
44.8695 0.136003
0.0046858 0.622243
0.000139179 1.61356
86.6208 2.69974
0.17471 0.111573
0.212885 7.14176
9.32751 0.177845
0.00054265 0.221722
0.00126248 2.99877
546.227 1.40617
0.00149663 0.531653
6.39375 1.34838
0.00258532 0.137203
0.00444896 1.4206
0.000122796 0.195695
11.1618 0.970972
38.5417 0.392987
5.55516e-05 0.321913
0.0741612 2.91623
0.0298706 0.21066
2895.78 0.897068
0.000755405 0.163771
95.567 0.627483
12.9237 1.31219
12643.3 0.14868
3.12863 0.108492
0.00822446 5.70813
24.4774 0.195952
279.385 2.34852
0.472844 6.361
6.42814 2.09348
0.0160705 2.56795
0.0771068 0.409103
1967.42 0.777879
2167.18 5.2232
5299.21 0.191789
3.00042 0.276446
0.661556 0.405168
0.0447834 3.98249
12969.3 0.279747
49.6048 0.200762
0.292402 0.1944
0.0876296 5.54191
3683.72 1.10068
0.0184943 0.164186
6.87048e-05 0.19095
0.000127932 1.24234
6.17396e-05 0.108051
0.00953907 4.36032
14773.4 0.511568
1885.58 0.516482
3.43343 1.96502
2.90801 0.87378
9316.14 2.13477
407.183 5.28246
18.5513 1.39271
5.75336 1.10951
6.56931 7.51957
11.0371 1.30782
4835.14 0.618401
6.03964e-05 7.28348
0.00763444 2.09323
0.00288496 0.335663
0.00924162 1.06847
167.287 5.46498
395.705 0.15663
17599 0.234214
0.0292819 0.137958
0.000521973 0.97848
0.00081729 3.01206
0.461998 2.7029
10.2247 1.34574
4566.36 3.3532
0.00080178 2.97312
10599.9 8.21623
6.41824 2.28746
275.301 1.92284
15.1346 0.340214
0.000326734 1.19307
7.40267e-05 7.31308
26.6127 0.448613
205.575 0.389819
3.10167 0.71673
6272.52 1.29369
235.542 2.12359
218.288 1.62696
30.7567 0.229934
283.734 0.908194
0.00676839 5.15607
1.19559 2.98794
410.718 0.349826
0.0798305 0.565685
210.355 0.100499
157.769 0.418251
0.000123696 0.255271
11.2882 1.26848
2.33934 6.20376
0.796797 0.280324
60.5618 1.53202
10494 0.10053
680.251 0.133225
0.00122129 6.31424
179.345 5.86491
399.176 0.203327
116.801 0.274607
0.761239 0.389317
0.697263 0.416803
2005.19 5.65874
4.82365 0.183907
0.0148436 6.98912
0.0140932 0.196189
88.1905 1.92314
0.00242483 0.467202
0.0465668 2.72208
628.492 0.56645
0.147389 3.93198
5481.3 3.13492
7.00905 0.814861
0.00112054 2.55863
0.000928922 3.45274
15.4056 7.31224
0.00161903 0.274078
155.225 7.70246
3.82806 3.13433
5.01631 9.84405
104.326 1.47993
0.751875 8.66252
1.42333 0.692121
2436.81 0.655291
0.119078 2.82451
0.0259708 0.207723
0.000406439 0.106882
0.00217607 0.25248
0.216446 2.22476
328.554 1.06546
0.000174442 0.194306
0.750303 1.25912
0.000471794 3.34239
0.0098074 0.219344
0.00779207 0.286134
9217.72 3.90149
0.000298826 1.9007
0.0474628 0.350227
8.69513e-05 0.167957
11.1902 0.916003
16.2657 6.29227
0.00261246 1.53118
0.00204561 2.93563
0.303083 0.452988
0.563747 1.12136
0.00274531 6.69493
41.3385 1.03446
0.0119347 0.924591
2.20877 0.638222
0.00834044 4.95129
5718.48 0.474232
14.1059 0.181788
5487.2 0.183696
233.105 0.645145
6.25083 1.79994
138.128 0.345772
7681.5 0.130021
6.23297 6.70659
0.137203 0.504943
0.0846397 0.273801
53.0915 0.887319
7391.97 0.375355
1.13659 0.155144
6.47955e-05 0.582444
0.00889996 4.232
77.4402 5.00763
164.642 0.779997
32.3378 0.785606
21.6328 0.106129
0.00431162 1.42159
8.01144e-05 5.58441
0.00355643 0.149013
9574.49 0.462496
1369.84 2.7503
2142.56 2.86083
28.6936 2.57881
3014.66 0.594705
1.29981 0.321409
0.00776491 0.51501
0.000609701 0.602454
0.103368 0.136496
0.00173078 5.64394
4.69448 0.100714
16.2698 0.182133
13926.2 0.22722
0.000250843 6.41454
7.01284e-05 2.33056
4801.56 2.30123
10.5922 0.36875
29.8492 3.66353
32.8087 0.52119
0.0515559 0.650755
0.00307762 2.81837
0.000105002 1.58054
6.2715 5.85637
0.239213 7.31627
1.98018 0.33804
116.791 6.65089
0.0224511 0.27429
1201.06 3.80132
246.224 0.633446
0.00838372 0.924353
19.1808 0.564457
2627.56 6.42092
1041.69 0.472519
0.0185127 0.203714
69.4894 0.797873
0.131754 1.60251
0.792931 0.251004
1049.33 1.43371
8.85788 4.19407
1904.07 1.16804
2048.96 9.29865
7.96307e-05 3.69807
7036.61 0.363694
12634.6 9.89257
0.209458 3.73962
1.05937 0.740355
88.2659 0.115454
72.3433 0.241169
0.000121307 0.779077
23.75 0.467598
0.292263 2.27207
1581.75 3.81638
995.733 9.3839
1.31896 0.290192
0.00541535 0.437406
149.494 0.544483
344.126 1.93217
0.0835761 2.74019
271.569 3.70809
1.60304 1.31926
14350.6 0.517429
7.25551e-05 0.198516
16613 0.178199
118.327 0.130389
3778.01 2.99836
99.9057 4.95163
16018.2 0.57896
16667.9 0.260198
0.0338724 0.312994
0.000464935 0.154941
