18.3
18.2
16.8
20.1
17.0
15.6
19.0
16.9
16.9
17.8
20.5
18.6
16.5
20.7
20.7
19.6
17.9
20.0
18.6
16.4
18.2
20.1
17.9
20.4
16.8
16.8
18.0
19.9
20.7
19.2
19.2
19.8
20.1
17.0
16.3
18.0
18.7
17.8
15.5
18.3
16.2
18.1
18.7
20.2
19.2
18.1
17.7
16.3
18.0
19.8
19.0
17.3
20.6
15.4
19.0
16.6
17.3
17.4
18.8
19.7
22.7
15.9
20.8
22.0
18.2
19.8
15.5
19.3
20.4
17.5
17.7
17.6
21.0
15.9
20.5
17.1
21.5
15.9
18.9
16.3
18.0
17.6
16.3
19.8
19.3
22.8
17.2
16.5
19.0
20.2
18.2
18.5
17.2
18.7
15.4
18.8
18.0
16.2
17.3
18.6
16.2
17.2
20.6
18.9
18.0
18.7
17.2
20.9
20.2
18.2
19.3
16.8
19.0
19.3
19.3
21.9
20.9
18.9
20.7
17.4
23.0
20.1
18.6
20.2
19.6
20.0
16.8
16.5
19.2
18.3
17.7
19.4
17.6
18.3
16.4
18.5
17.5
17.2
19.1
18.0
19.8
17.4
16.6
20.9
18.0
18.3
20.0
15.4
24.5
19.4
17.8
15.8
19.5
17.2
20.3
18.2
15.8
17.5
16.3
14.6
18.0
19.5
14.6
18.9
22.8
16.9
19.4
21.7
20.7
15.2
21.2
18.3
19.0
16.9
17.6
15.8
18.0
17.7
17.9
18.4
16.6
19.0
18.9
17.0
19.9
16.2
19.0
21.1
17.7
16.4
17.9
21.2
17.3
15.4
19.0
16.6
16.4
19.8
17.0
19.8
20.8
16.5
20.8
16.2
17.0
19.7
23.1
18.0
19.6
15.5
20.2
18.8
17.6
18.3
17.8
15.7
18.2
16.3
23.4
16.9
19.1
17.8
17.0
20.2
20.2
19.8
17.0
19.8
18.8
20.8
15.7
20.2
14.9
18.6
19.3
18.6
20.4
17.3
18.9
18.8
18.6
18.1
18.7
15.7
18.7
19.3
16.7
14.5
17.6
21.3
16.7
18.0
18.9
18.3
18.8
17.5
18.6
21.4
19.9
17.9
15.8
18.5
17.8
19.3
16.6
18.5
16.5
20.6
17.9
18.7
16.0
17.4
20.0
16.2
20.3
23.2
18.9
16.8
17.8
20.8
19.8
17.8
17.6
18.5
19.6
17.9
17.0
17.2
17.9
18.4
17.5
20.4
17.3
19.0
22.0
25.8
17.9
17.0
20.1
17.3
17.2
16.3
19.0
18.6
17.1
16.5
16.8
15.7
18.8
19.7
15.4
17.7
17.6
17.0
17.7
21.2
18.9
18.6
17.5
16.4
18.4
18.5
20.9
18.2
16.9
20.2
19.1
15.9
16.9
20.2
20.2
15.9
19.0
17.5
15.7
21.5
19.9
18.0
18.1
17.8
19.4
18.6
21.1
20.5
16.2
16.7
16.0
18.1
18.0
18.3
18.9
18.0
18.4
17.3
20.2
18.1
19.9
20.6
20.3
19.1
18.9
19.2
15.7
16.2
19.2
17.3
17.3
18.8
22.9
17.4
18.6
19.7
17.4
21.8
22.1
18.9
19.9
18.3
20.2
17.7
17.0
20.4
16.7
15.3
19.7
16.0
18.1
18.1
16.5
18.7
17.6
18.2
17.1
19.8
17.2
16.4
16.9
16.1
17.9
18.0
19.1
17.6
19.7
19.2
17.3
20.5
20.9
16.0
16.0
14.5
17.5
18.2
18.0
17.5
17.3
23.0
22.1
17.9
16.5
19.7
20.8
19.6
19.9
19.0
20.8
18.5
18.2
17.3
20.3
17.9
16.6
19.2
22.3
17.2
19.1
20.5
18.8
18.0
16.8
19.9
18.3
18.2
20.3
18.4
18.5
18.4
16.3
15.1
16.8
18.5
18.4
17.3
19.6
16.7
19.3
17.5
16.7
18.2
17.2
17.5
14.7
18.0
16.2
20.0
17.0
16.7
17.9
19.0
19.1
17.3
18.0
17.8
15.5
20.9
18.2
17.9
19.2
20.9
15.7
17.1
18.6
16.8
19.2
16.5
17.9
18.2
20.4
14.8
21.8
19.4
19.4
16.8
18.4
15.6
17.7
17.9
16.7
17.0
17.3
18.1
17.5
17.9
17.6
19.7
14.3
17.1
19.6
20.7
16.8
18.8
19.4
18.7
19.3
17.9
18.1
19.4
19.0
21.9
17.1
17.8
15.3
16.4
17.8
20.6
20.6
18.9
22.7
20.6
18.1
18.0
17.8
19.6
18.0
19.7
17.8
21.3
18.0
20.3
17.6
20.3
19.4
19.3
19.4
19.1
20.3
17.6
16.3
18.5
18.1
17.1
17.2
17.5
21.9
19.3
15.6
15.8
18.6
17.0
18.7
16.6
17.5
20.5
18.5
18.2
18.2
18.4
19.5
19.8
17.8
17.3
18.1
18.4
19.4
17.3
17.6
18.4
19.9
16.6
18.1
19.9
17.0
18.3
17.1
19.6
17.2
18.5
17.0
16.7
15.9
15.6
20.4
17.2
17.9
16.6
17.0
17.5
18.7
15.9
20.1
20.6
15.6
17.7
17.6
21.6
20.3
17.5
21.9
14.9
18.0
16.8
18.3
18.1
18.2
17.0
17.0
19.6
17.9
19.5
18.5
21.8
16.5
16.9
16.8
18.6
18.5
17.8
17.6
21.0
17.9
17.6
15.0
17.4
19.9
20.0
15.7
19.1
18.5
18.0
15.8
15.9
19.8
19.7
16.5
19.7
22.3
17.9
19.3
19.5
15.8
17.6
19.9
17.6
18.6
20.4
18.2
19.5
16.0
17.9
18.0
20.5
18.6
16.3
19.0
16.8
17.4
16.4
17.8
18.3
18.5
17.8
17.6
20.0
18.0
18.9
20.4
19.5
17.7
14.6
21.4
19.2
16.8
14.8
16.0
19.5
20.4
16.8
18.8
16.3
17.7
22.8
18.6
16.2
18.6
17.0
16.6
18.5
18.7
19.4
17.2
20.6
19.1
18.7
19.7
19.2
20.4
17.9
16.7
18.6
19.2
20.6
17.4
16.4
15.2
16.4
19.0
20.5
18.5
17.3
18.4
20.6
21.0
17.3
17.9
17.6
18.2
19.5
18.1
17.0
16.2
21.9
15.9
20.5
18.8
18.3
20.2
21.5
16.2
18.1
16.9
17.5
16.9
16.9
20.1
20.0
19.1
19.0
17.6
17.2
21.1
21.2
18.3
16.6
18.0
17.8
17.1
18.6
16.7
18.5
16.3
18.3
20.1
15.4
16.9
19.9
20.0
17.9
16.3
15.6
18.2
16.2
19.0
16.8
19.9
17.3
23.3
17.9
17.7
17.2
19.9
17.7
20.5
15.1
17.9
15.8
18.3
17.0
15.4
16.8
17.7
20.0
25.2
19.1
20.7
19.4
18.2
20.2
18.9
17.8
19.6
17.7
18.5
17.6
16.5
19.8
17.1
17.8
18.4
19.9
18.9
18.7
17.8
15.9
17.3
17.0
17.4
19.6
16.8
19.8
17.3
19.0
19.9
18.0
20.3
17.7
17.0
16.1
15.3
17.9
16.5
17.1
19.5
18.0
20.7
18.3
17.0
17.6
15.9
18.6
18.0
20.2
14.7
18.5
17.4
18.8
16.1
20.0
20.1
19.5
17.3
18.0
20.4
15.8
18.3
19.9
18.0
18.3
18.5
19.9
16.0
20.5
18.0
21.0
18.8
17.5
17.4
19.0
19.9
18.9
15.9
19.6
19.4
19.8
17.5
19.4
20.0
15.3
18.5
19.5
16.9
18.0
20.7
21.3
18.5
20.5
18.2
19.2
18.0
16.7
18.2
19.0
17.9
18.4
21.4
18.9
16.0
17.7
19.5
19.8
15.9
18.1
17.0
16.5
18.7
19.7
18.4
17.1
16.0
19.6
18.3
20.6
19.3
18.9
19.8
20.0
17.7
18.9
19.8
17.7
18.2
17.9
19.6
16.2
16.8
19.0
16.9
16.3
19.4
20.3
22.5
18.0
14.6
20.2
17.6
18.7
15.6
19.8
19.4
20.3
18.9
20.1
18.8
19.0
22.3
16.6
17.8
18.3
18.6
17.7
16.0
18.8
18.7
17.8
17.3
18.1
21.2
18.2
21.7
16.9
17.1
19.8
17.5
19.4
16.9
18.9
19.9
18.8
18.7
18.5
16.4
17.4
15.9
16.4
21.6
15.7
20.7
15.5
20.3
17.4
17.6
17.1
17.4
18.9
16.1
23.7
18.2
17.7
19.6
18.3
19.2
24.0
18.5
20.2
22.5
22.8
17.4
21.3
17.1
18.9
17.5
18.3
# Found 1000 complete reps.
# mean(depth) = 18.368000000000002.
# std (depth) = 1.7139124831799317.
# sem (depth) = 0.05419867157043611.
