19.8
22.0
20.1
22.1
19.0
19.8
16.8
18.4
19.2
20.9
18.9
23.0
19.3
20.7
22.2
19.6
20.1
20.5
20.0
21.2
17.9
19.4
17.9
19.2
19.8
15.3
25.3
19.7
21.0
19.7
18.7
16.3
20.8
19.5
20.7
18.8
18.4
17.8
18.7
19.5
22.3
22.0
20.1
19.3
18.7
20.4
18.2
19.7
21.0
20.1
20.0
20.0
17.8
22.9
21.4
19.9
18.9
21.8
18.2
20.6
18.4
17.5
20.6
21.5
19.3
23.3
19.5
18.1
18.1
18.9
15.9
19.1
16.9
19.7
18.1
21.2
19.4
20.2
20.0
18.2
19.3
20.0
21.4
17.7
18.7
18.3
21.1
19.2
17.0
19.6
20.4
19.4
21.3
17.3
20.2
17.4
20.7
20.0
19.4
17.5
16.0
18.9
19.2
19.8
19.6
18.4
19.2
20.2
22.0
17.8
18.2
22.4
20.6
18.7
18.2
20.5
18.2
20.3
22.2
20.4
18.9
19.9
19.3
17.0
22.6
18.4
18.6
19.9
16.2
23.0
19.2
18.7
19.0
21.2
20.3
18.6
19.6
18.2
19.0
20.0
19.4
18.2
19.2
21.7
20.1
19.2
21.0
16.7
21.1
17.5
18.5
20.4
19.0
19.1
17.0
19.7
20.3
22.7
17.6
19.2
19.4
22.1
17.0
19.4
19.9
21.3
19.2
19.0
21.5
19.4
20.6
17.3
15.7
17.9
18.3
18.8
22.0
19.2
21.6
20.0
16.6
20.0
22.1
16.8
17.5
20.1
18.7
19.2
17.1
15.6
15.3
22.2
21.2
19.6
18.4
20.7
19.3
20.8
18.0
20.8
19.4
19.9
21.7
19.0
20.8
17.3
22.8
18.6
22.4
20.8
21.0
20.1
19.6
18.5
19.7
17.7
18.9
19.9
18.7
21.2
18.4
19.2
18.5
19.9
19.7
18.2
20.4
18.4
19.2
20.7
18.3
19.9
24.1
19.4
17.4
20.3
17.8
20.2
20.2
20.3
26.9
19.1
20.2
21.1
18.7
18.8
16.2
19.9
19.5
18.7
20.0
18.7
18.4
20.7
21.4
21.6
16.9
21.5
18.6
16.9
22.8
20.3
17.9
22.0
22.6
17.8
18.0
18.3
20.6
19.6
18.4
23.1
19.6
18.6
16.3
20.5
17.0
18.6
21.0
20.2
22.6
19.3
20.2
23.4
18.0
19.6
22.7
20.2
20.3
25.1
18.1
20.1
18.4
18.0
20.2
17.2
17.7
21.3
18.5
19.1
19.6
21.6
20.4
18.6
20.9
19.8
18.9
18.0
24.5
15.3
18.1
19.7
17.7
23.2
16.8
22.4
19.6
20.5
21.2
21.7
18.9
21.1
20.9
20.4
17.8
19.1
18.3
17.5
21.3
20.9
19.0
14.6
18.9
23.5
22.5
20.3
20.4
20.7
19.6
17.6
19.4
21.8
19.8
21.1
19.1
18.6
20.9
18.6
20.7
21.4
18.0
20.0
21.7
16.4
19.6
20.8
17.6
19.9
18.7
18.1
22.3
20.7
20.3
19.7
17.6
23.3
18.3
20.4
18.7
19.5
19.6
19.4
23.3
19.1
18.6
20.4
19.1
19.3
21.3
19.5
22.8
20.4
16.9
15.8
19.9
18.4
19.6
17.9
17.6
19.8
19.8
19.3
19.5
20.6
19.4
21.9
23.2
19.7
17.0
19.7
20.1
18.5
19.9
21.4
16.4
17.7
21.4
20.9
16.0
18.5
20.2
23.2
19.6
18.5
17.0
19.8
22.0
19.3
16.2
18.8
18.7
18.1
21.0
19.2
20.0
20.8
20.2
18.6
19.8
20.1
22.6
21.0
21.2
21.7
18.4
18.5
18.2
20.0
16.3
20.3
19.2
19.1
20.0
17.6
18.9
21.3
18.7
20.3
19.8
21.0
17.3
19.0
19.1
19.5
18.6
19.1
18.3
18.5
20.6
19.6
22.3
19.6
19.6
18.7
21.4
21.4
19.9
16.4
19.4
19.2
18.6
18.4
19.0
21.8
17.6
18.2
19.0
19.0
19.4
21.2
19.2
20.3
20.1
19.3
22.1
20.2
20.9
17.6
17.3
17.9
18.3
25.5
20.5
19.2
19.9
17.7
21.1
19.8
26.7
18.5
18.4
17.9
19.8
18.6
18.6
19.8
19.4
18.3
20.3
21.8
19.5
18.5
19.1
18.9
20.2
17.6
19.8
18.9
19.2
18.3
18.4
19.2
20.9
19.8
18.5
18.4
20.3
20.3
20.0
20.2
19.8
21.1
19.4
19.0
20.6
18.6
17.5
22.0
18.1
17.7
21.2
21.5
16.0
19.7
18.1
21.0
19.5
21.2
20.4
16.9
22.4
19.0
18.4
19.3
20.9
17.7
24.1
20.7
17.8
21.7
21.0
19.0
20.7
19.7
20.1
17.7
19.4
20.5
17.9
19.9
21.9
23.9
21.0
17.4
18.5
21.6
23.1
20.9
18.8
19.3
19.0
19.8
21.0
19.7
17.9
21.4
19.7
19.4
17.6
20.7
21.0
23.5
17.8
20.3
18.9
19.2
23.2
20.1
18.1
17.3
19.0
20.2
17.4
19.2
21.3
22.1
19.9
17.2
19.5
20.5
18.1
20.1
19.9
17.1
19.0
19.4
16.4
19.8
18.2
20.8
19.7
18.2
22.9
19.9
18.4
23.2
20.1
18.3
23.4
20.8
21.8
18.0
22.5
19.1
19.7
17.6
20.7
19.7
23.7
17.9
20.3
22.0
20.9
19.7
19.3
18.1
19.5
21.3
19.2
18.1
17.9
21.4
19.9
20.3
17.6
19.9
19.4
18.3
18.4
19.1
17.6
24.2
18.0
17.0
19.4
19.7
21.1
18.7
23.8
18.0
19.9
18.7
23.0
19.7
16.8
22.9
18.5
20.6
21.5
17.5
21.9
17.5
18.6
19.7
21.8
19.8
19.8
18.1
18.1
18.7
21.3
18.8
20.0
17.5
22.7
17.0
17.8
22.0
23.8
21.7
21.2
18.8
17.6
20.0
18.3
21.1
19.1
18.5
19.5
20.2
20.2
19.8
22.0
17.3
18.1
19.1
22.3
18.4
21.0
20.2
19.2
17.2
18.6
17.9
20.4
23.0
16.8
19.2
23.3
18.7
23.5
20.3
17.4
19.0
20.2
18.3
23.3
20.4
20.7
21.1
18.5
20.5
21.3
17.6
19.3
22.4
19.8
18.0
17.0
19.1
18.2
19.2
20.2
19.4
18.2
21.7
24.7
19.8
17.7
20.3
19.6
18.4
17.6
22.9
20.6
19.7
17.6
20.2
17.1
22.6
22.2
20.5
19.6
21.8
17.7
21.9
19.5
19.6
21.8
18.6
16.3
19.0
20.0
21.6
21.7
20.9
21.1
19.3
18.9
22.2
18.6
20.8
18.7
19.4
19.6
22.6
18.0
19.2
19.1
22.8
19.4
22.4
20.2
20.4
18.2
22.0
18.9
19.9
20.2
19.1
18.3
22.3
20.0
16.2
22.0
17.8
21.9
19.7
19.9
18.1
20.3
19.4
20.9
16.0
21.6
21.0
18.0
21.7
20.4
19.1
16.7
20.1
19.7
22.3
20.7
21.0
16.1
20.9
21.0
18.6
19.4
18.1
19.2
21.2
16.2
18.3
17.8
20.7
18.2
20.6
19.9
22.6
18.0
17.9
19.8
17.7
19.4
20.6
21.5
21.3
22.4
24.8
20.2
17.1
16.1
21.5
19.9
18.6
18.5
17.8
20.1
20.8
19.5
21.4
18.4
17.3
25.1
18.6
25.5
18.7
18.4
20.8
18.4
18.7
18.2
18.5
19.8
20.1
20.3
19.8
22.0
20.6
20.0
19.1
16.3
21.1
19.7
19.1
19.1
20.4
22.2
19.3
17.7
17.5
22.4
22.2
18.6
18.5
22.5
21.9
21.5
18.4
20.9
20.2
20.2
20.6
17.0
21.8
19.7
19.1
21.5
23.0
19.2
20.7
19.6
18.8
24.4
19.0
22.4
18.8
20.5
19.7
20.0
19.0
20.6
21.9
20.7
20.5
24.7
20.7
18.8
18.7
21.3
18.8
20.1
21.6
19.1
19.8
19.5
18.5
17.8
18.7
16.2
25.8
19.3
21.7
20.6
19.9
20.5
19.5
20.6
21.4
20.7
20.2
17.3
19.0
18.1
20.1
23.0
19.4
19.6
18.6
20.1
22.1
19.6
20.8
21.6
18.1
21.5
20.2
17.6
18.2
20.3
17.5
20.4
18.4
19.9
21.9
19.0
18.4
18.6
19.7
21.1
18.8
21.1
19.0
19.2
21.1
15.3
19.5
# Found 1000 complete reps.
# mean(depth) = 19.7042.
# std (depth) = 1.7525930388997897.
# sem (depth) = 0.05542185814279416.
