0.00110918 9.64474
37.4477 0.28454
0.0019089 2.2262
3.32101 0.283796
0.0189095 5.22806
4.97986e-05 0.211272
0.855031 0.726798
0.0129092 0.368162
637.143 0.201405
21.6116 9.65677
1020.61 3.41112
104.871 0.354265
0.00230174 0.989599
0.13596 2.04729
0.000622795 4.23967
0.0678433 9.80324
0.016327 8.01344
5098.48 0.443787
0.155212 0.411799
0.00037453 4.55586
6794.57 2.43861
0.241889 2.85076
5168.67 1.28587
0.092504 4.0719
2117.24 0.173981
444.559 2.11408
4442.72 0.142016
0.0103734 3.88332
43.0212 0.180406
0.214357 8.57175
9.98969 0.347992
0.0268814 0.799975
0.0475299 2.85932
0.862674 1.29261
0.00844477 0.231472
0.000545303 0.475163
207.47 6.90868
0.00119125 0.100933
0.0019797 0.441987
7.96029e-05 0.237249
9.36931 2.2779
4463.77 0.257382
10830.2 1.60047
6760.12 9.19955
0.000216621 0.181929
0.157948 0.268285
10.3175 0.722722
1075.53 2.06496
182.715 0.187555
1.39712 0.999229
0.166102 2.51759
0.0121733 0.611627
0.000518592 2.13428
0.000119466 9.42016
147.087 0.151301
6.84438e-05 1.38624
8.47777e-05 0.93761
96.3701 3.68339
0.00627331 9.4417
0.0245905 7.60542
1267.36 1.40968
6.07995 0.13245
0.0306572 0.158584
0.0464173 0.651948
0.000617499 0.133361
8650.26 0.306185
25.334 1.75213
0.00100361 0.363
2.93731 1.79396
9.1973 5.30011
1945.69 0.562932
0.779589 0.119756
1.2042 2.34127
0.523661 0.256011
0.00291041 2.67933
0.893791 0.364661
18.5604 0.476797
1.82201 0.181965
109.566 4.34965
0.0849872 0.34338
0.0128416 0.401155
0.00109658 0.434048
0.000104786 0.337553
0.46212 1.10832
0.0746351 4.12098
0.0139845 0.129212
0.000317648 8.4477
210.247 7.26405
0.0182149 2.07998
13.2623 2.48198
1477.31 1.33246
0.00420636 0.242883
131.725 0.171606
0.154558 2.53264
0.0230629 3.56536
6.78707e-05 0.732326
0.170142 2.86022
3073.24 3.50599
0.000782313 1.07362
7.20656e-05 0.383378
140.218 0.593095
1.85221 0.225075
0.0259881 0.188952
47.9403 0.670929
0.122125 3.26696
0.0189405 1.08235
25.7632 1.19192
622.2 2.27278
19.1689 0.193353
13937.8 5.37695
0.000125005 0.750672
14.3613 0.520318
0.000936367 0.85193
38.3483 2.32303
0.00131494 0.372476
0.124197 0.176643
0.000453028 4.31408
0.00481112 0.366065
177.619 5.09042
1507.48 0.578679
10.2599 0.792528
1.95352 0.568239
424.116 0.692578
0.0477444 0.133024
25.2629 0.309769
75.7323 1.81979
0.107638 0.797855
0.0674595 5.42298
0.150283 1.25046
156.841 6.76945
2.04832 8.66085
34.3188 3.90982
0.00209683 8.96002
0.00418368 5.42967
2.00134 0.560201
0.125162 0.368248
17018.1 1.6241
0.00142687 1.5433
0.0142731 0.263243
0.00272681 0.302501
295.935 6.152
0.940826 5.62239
6677.96 2.94801
11.3277 0.489111
0.349969 7.44542
1.27652 0.394331
1.21588 0.27977
0.131223 2.71355
0.326601 0.468476
0.0970636 1.66392
2056.22 0.789299
0.00591936 0.153339
36.3176 0.465297
9.52509 0.732076
264.524 0.210612
0.000315678 0.229791
15.0246 0.119767
0.321458 0.173502
2075.92 0.994282
4.0169 0.329762
0.00826938 0.620548
2.51106 7.48994
0.00186633 0.22033
1321.45 1.3661
0.000154074 0.314665
971.721 0.826224
0.657694 1.14568
0.00770944 1.17316
0.0741147 1.08374
1.64719 0.847772
31.0223 0.251688
0.0158602 1.05131
3153.99 2.53299
2.01194 1.40817
0.0114255 0.668628
0.100918 0.636696
651.353 5.81734
611.685 0.675285
0.00700443 3.10745
0.0078202 7.55763
26.0684 0.517845
6.84762e-05 2.17611
0.000314495 0.108162
6.88681 1.15086
0.00148896 1.41249
0.000149427 4.11903
10043.3 0.627447
2477.86 2.37548
21.2336 0.95066
17.6544 0.98481
9242.41 8.80907
0.000116193 0.235276
0.000675913 1.31799
0.162745 0.331781
2.13881 8.43498
0.00685342 1.2576
541.766 0.169173
0.588629 0.166136
0.00539905 8.29362
0.226691 0.448189
0.00114532 2.72833
0.000498022 0.411176
0.00189361 0.122929
1918.53 0.16638
0.00305963 3.23329
456.615 9.11426
136.726 0.356392
0.316334 0.102092
0.0794692 0.171669
1.7684 1.21921
0.000474397 4.82503
26.9352 7.21142
5310.2 4.93413
0.667452 1.41398
7.56101 0.103727
2015.55 4.77498
210.571 0.200329
119.832 2.1885
0.00384584 1.77879
0.0219788 0.374697
149.619 0.60722
0.174253 0.1668
0.0167456 2.89718
78.0129 0.468793
0.000379494 0.99456
6.37211 0.556692
3.91315 0.897849
0.000795499 7.87997
0.000244482 0.492701
5.04706e-05 0.188194
0.000965192 1.24587
80.5849 0.258748
0.0090863 0.238076
7.15317 3.90288
0.836735 9.91215
171.12 0.219975
1516.62 1.69168
0.000592192 0.802841
0.00214539 6.02728
0.00298308 2.22159
0.123134 0.106336
0.000700221 1.32851
3926.23 2.68772
0.00221948 0.380228
60.633 0.84764
6.81247e-05 0.132008
0.401731 8.89457
0.401353 0.130318
42.0137 0.193743
3.92993 3.6596
9213.59 0.164033
0.00443285 1.40532
0.000165575 0.825643
12.8434 0.212683
16072 0.101216
301.861 0.264018
12.62 9.50722
7.66978e-05 0.341529
0.329155 0.405541
0.491831 2.65239
0.000581882 0.298019
81.8804 0.678006
17.7383 0.51851
0.000124091 1.38664
0.00154473 0.371698
0.222848 2.62037
0.00123767 3.93117
0.00224773 5.18511
5.25791e-05 1.65059
1.09705 1.59211
5.2447e-05 4.94213
0.307865 6.95132
18.047 6.48856
77.9458 0.557519
0.000139345 1.20681
0.61514 0.201255
0.0131491 1.18991
0.000147252 2.09668
0.39331 1.98163
19.9826 4.87876
306.346 0.217105
2402.77 0.781335
0.00111418 3.89796
0.00511366 0.368299
0.00776045 0.507458
0.0121691 6.56097
55.0514 5.06103
32.6069 7.81901
1759.81 0.215852
30.1813 0.109279
14557.8 0.223472
0.392819 1.637
3.1218 1.28593
119.558 0.127622
0.034937 1.45948
0.0622435 0.663741
0.0355574 0.429499
934.094 2.32813
656.223 1.34789
0.000192163 0.141774
8.70014e-05 1.0498
2.72182 0.389677
0.00285209 0.905661
0.000403765 4.06414
0.00016014 7.40982
0.000352883 1.86172
9.04205 0.537887
0.123387 1.35906
0.00100792 0.18306
0.836375 1.54628
0.00300653 1.50438
0.00136836 0.359637
0.00830483 9.15608
305.831 0.137171
57.7019 4.10834
0.505401 0.173142
7.8984 1.02666
15867.9 2.50255
6.15816e-05 0.122971
0.050475 0.592409
221.421 2.98303
1.90389 1.90685
0.00938616 3.64792
0.0542131 0.132822
0.245762 1.22766
0.0574268 5.78833
0.370981 1.31372
0.42058 3.40901
0.00472592 0.29313
5.95671e-05 3.37421
0.0015173 8.22302
6146.18 0.566169
15.6764 7.47237
79.0099 0.160219
69.87 6.87455
6483.82 0.796317
423.624 0.216946
21159.1 1.56897
7.11285e-05 8.46732
1.36584 0.500016
3.93754 4.07199
2.12414 2.5403
0.00078648 8.82911
716.082 0.264458
0.0376356 2.69457
2366.77 1.68361
21.2973 3.3609
5590.78 4.41959
1744.57 7.64947
6.75694e-05 1.18846
0.000814595 5.89441
6133.81 0.29257
0.000212229 0.112097
0.074893 0.403028
2.55953 0.66555
271.619 6.04662
5.74933 0.418763
3714.46 0.445732
8.77526e-05 3.01915
14.4635 3.49928
0.439385 0.314191
0.0113301 1.02005
5.97316 0.281796
7201.39 5.91137
812.611 0.65359
11357.3 9.41296
0.000183973 0.722335
47.1812 0.696922
0.00051253 3.12505
1035.94 0.344846
0.294211 0.490041
12468 6.50472
0.157112 2.19489
19472.5 0.13011
0.000758946 0.541104
0.00890816 1.87747
0.0823084 0.173573
0.00242664 0.236409
0.424252 0.167377
0.000164016 3.88753
81.3485 9.73056
0.279889 0.750655
0.00103781 1.29571
0.564511 6.64458
1.29689 3.96381
6.38917 4.84678
108.439 0.108304
0.0155829 0.6633
13.4186 0.955336
0.000343525 2.17671
167.772 0.541862
0.0831284 4.7943
896.199 7.38585
0.463347 0.241797
14758.8 3.19401
636.443 0.209536
472.465 0.635943
3946.07 0.707187
2.16733 0.90812
0.655296 2.94273
0.000466144 7.62969
361.575 7.07927
3.75813 3.79264
0.000321345 4.77865
0.917578 5.25575
0.00385336 4.03531
0.00233902 0.274694
0.013531 0.117899
25.9475 1.53667
0.000373873 0.905346
0.132646 7.04666
201.336 1.71834
0.03475 0.207293
0.00189078 1.28928
0.000494134 0.969447
0.258373 0.331861
0.0145031 0.176973
0.0354732 7.36635
0.983852 1.62331
75.6433 0.218126
0.000107213 3.97696
0.294708 3.73133
0.0659205 0.373836
175.026 3.84263
0.00804184 0.201522
1.56041 5.6025
309.718 4.74847
14176.6 1.06801
0.000405284 0.404554
400.208 0.202868
0.00116687 0.944327
2252.65 0.716578
0.00098926 0.121886
4755.9 1.64381
7.7087 0.128038
0.00128025 1.75617
0.287758 2.93936
1.04823 1.97975
0.0175885 1.49315
253.277 0.383897
0.0136411 6.61005
313.062 2.39403
0.000519581 4.08438
6343.23 0.642494
14.9874 0.142156
7.38597e-05 0.238888
7.88443e-05 3.22241
2.02525 0.365357
176.475 0.169885
0.000254036 2.42817
0.000250773 0.890594
881.939 5.72999
360.556 0.121861
0.000559906 7.34842
0.00530661 3.23613
0.177927 5.07831
315.061 3.69328
11.7173 0.490073
637.242 0.322037
1.46714 9.49312
0.816712 0.228117
0.631281 0.177236
0.000306057 7.43788
349.531 2.27678
0.463204 4.31773
40.4582 0.537891
8.44168 0.411305
27.7715 0.459732
2481.06 7.75833
0.335462 0.752126
0.111289 0.811527
181.793 1.00319
0.00386808 7.26142
0.00903881 0.115777
8421.44 1.21983
2.01539 0.507718
81.073 6.23736
7490.57 9.8998
731.221 5.71699
0.000290864 5.77891
83.7554 3.19481
120.185 2.24795
1.61526 6.7491
0.0136602 0.981968
1837.2 0.336747
3888.42 7.953
0.000153223 0.259275
0.00118804 0.583099
1.99327 0.94321
1.11454 0.353665
5833.6 4.49161
0.223676 0.156161
0.00218476 1.1004
0.538407 1.04696
128.169 2.26542
1.98679 2.60402
5206.57 0.383577
0.0251416 1.41703
0.0367208 0.136862
0.155572 0.498669
4.79892e-05 0.152708
0.479281 8.42405
11.4467 0.227118
0.188913 4.98852
2019.35 6.37848
8036.22 0.336691
0.0012166 0.258545
1065.4 1.6489
41.7899 3.11051
0.000100563 0.2941
0.615601 0.979971
0.000994715 0.220402
0.0376361 0.654931
3570.67 1.2197
13.1476 1.71896
0.000192672 0.515163
0.0221604 0.81328
7499.44 0.660596
8.34682e-05 1.20173
0.00337867 1.75714
0.000775139 0.572554
7.79926e-05 0.427088
184.838 0.635967
5.30055e-05 0.821741
70.9132 0.291894
0.360119 8.94569
251.032 0.557608
38.5812 0.158775
12856.2 0.115228
3.03062 0.133266
0.0904943 0.205153
5824.61 0.349908
10.6092 0.164908
40.4699 1.48267
0.774723 0.411245
0.000497813 0.638095
21.9781 2.23679
7.83683 5.13205
2737.68 1.90912
122.911 0.532761
108.192 1.769
0.00454737 0.227621
17.1251 1.83028
5.71188e-05 2.76857
0.0036967 2.2884
820.931 0.947411
3.86709 1.53524
0.00534513 0.131991
0.00364707 0.554392
2984 5.32035
0.00340841 0.655556
19352.8 1.01411
0.000226597 0.29905
4879.15 4.43837
0.0942858 0.121338
3042.18 1.38122
3.3691 1.11651
0.0423065 1.17127
0.202237 1.15542
0.198397 0.606051
0.000226197 0.250705
6523.53 4.87128
0.00072784 7.66624
0.155851 0.171499
1.98999 1.21643
5.35283 1.52669
0.00453575 0.297803
275.607 0.187108
70.6394 7.22797
12222.4 8.3329
357.639 0.26519
7.53171 2.40494
0.0023857 0.38517
11.2187 0.768684
0.710424 0.290878
0.00187937 0.101812
655.289 2.28749
409.805 7.70733
0.355917 0.402427
0.146725 0.252999
0.0833221 3.15909
0.0194153 0.266953
3.58637 1.13544
0.00144689 0.382249
0.000844977 0.203205
123.405 2.21377
4542.45 0.79272
306.131 1.19193
1336.81 4.08048
0.00103279 7.50089
0.0802312 3.91279
0.000117495 0.837529
4.91109e-05 0.881876
0.134552 1.70984
0.0010996 1.86054
0.575277 1.11439
0.044183 0.115859
0.000152707 0.698706
0.00207261 3.04414
8.19632e-05 4.54574
12.5502 2.1802
19.8368 8.40105
0.00698515 2.05812
12899.6 0.894276
17.906 0.28443
353.318 1.3463
0.0620527 0.153951
0.24295 0.473579
6740.41 4.05484
0.0419484 1.26752
0.013051 3.54708
19493.8 0.126245
65.088 0.214762
260.401 0.512273
0.0520157 0.122216
0.0148855 0.259921
0.000125118 4.86675
6.45305e-05 0.15065
0.000192607 1.44384
0.0070745 4.28228
309.328 1.37692
0.00435419 0.693875
39.2014 0.154432
0.00063147 4.6577
25.0386 6.27918
0.122224 0.580515
25.4432 5.75589
39.5349 0.66455
15308 0.153461
21263.2 3.98822
271.801 0.143008
0.268071 2.86866
0.00796616 0.333051
0.271893 0.343139
1.74989 1.35424
1345.69 0.52311
90.0832 0.155651
16.3133 0.118224
7.7524 0.344742
0.00182088 0.186864
133.118 7.04256
0.942361 0.221986
91.3865 0.150417
1.33973 0.927425
14.2011 3.45057
4.80189e-05 0.780145
0.00464569 0.248902
0.00366784 0.202921
311.318 3.9224
203.947 0.895605
9.41156e-05 5.92466
0.0141677 0.108857
1052.83 0.198549
0.00885369 0.151186
0.0984149 0.121593
9.79261 0.1274
0.188311 4.55087
5.97393 0.919364
42.5069 0.269184
0.0200499 1.41822
0.276662 1.3782
1.69003 0.340408
7.96435e-05 1.72089
1353.07 1.29401
22.4132 0.143144
0.000105026 0.249177
14.1584 0.463759
175.163 2.30512
3807.19 5.2837
0.00998616 6.25819
0.0227171 0.411597
0.488641 0.49653
0.00574561 0.34713
499.302 5.83281
0.565873 1.49439
225.101 9.80347
21.7937 4.17371
0.00475547 0.220924
5391.05 0.113121
134.755 1.43315
7.50081 0.146622
0.000107666 1.5889
0.48787 0.201486
2761.32 0.184418
3.6931 0.825796
0.00127226 0.342541
2507.76 0.869755
0.00196909 0.1978
136.253 2.23723
6.23741 0.461042
12.3616 0.185505
816.587 8.12456
7.86379e-05 1.02668
11.2563 1.41501
0.00215784 0.172814
0.00438796 4.83334
0.0332013 0.442786
0.106464 6.42863
0.0421809 0.455774
0.270013 2.58799
645.081 0.208329
0.000201631 1.84405
0.00219196 0.110726
0.000110388 0.178061
1.04857 1.29496
52.6826 3.67018
0.081791 0.542864
5675.32 0.972923
0.0226056 0.259831
0.000953656 0.370326
0.0642802 0.282264
0.000134943 2.06636
1.25841 0.413239
119.691 2.53283
0.0772944 0.409887
0.00204776 0.925975
0.0176353 0.873944
1004.44 1.75467
0.00197493 1.72673
4.99593 0.367269
0.000127998 1.16677
0.992505 1.0453
3923.15 2.12928
0.0543799 1.07513
208.523 4.53781
5.02271e-05 0.553288
0.00143231 1.32296
0.000492088 6.7321
2.96713 0.189504
139.454 1.37917
0.172964 0.459215
0.0948835 0.713454
12.8497 1.10153
693.61 0.603652
0.392272 8.69185
8.23441e-05 0.788205
2.06212 5.34021
0.0109752 3.04037
42.1879 0.417215
0.0144691 0.351081
704.679 1.3732
0.000941336 1.04051
137.752 0.607502
0.0139745 1.89667
0.064049 3.15993
0.00596434 0.451541
0.0103782 0.144419
1.05579 1.06337
4709.85 0.605833
1.24769 0.233133
45.452 5.26224
0.0853436 3.93481
309.742 6.11154
13.2856 3.38785
0.000306774 6.6037
4180.97 0.171918
0.0534844 0.130513
0.00326086 1.37279
21821 5.06294
0.0400757 0.198427
207.921 0.618516
47.9627 2.77925
0.522177 0.117238
2.01424 0.329448
8.55261e-05 1.05223
0.587376 2.44903
0.0508572 0.35782
394.26 1.39138
92.4057 4.19321
1276.01 3.29186
0.0322756 0.111491
3.21613 0.426431
1.21753 1.82351
0.10528 3.33139
12.8868 4.27442
0.326452 0.878364
0.141618 0.224481
507.36 2.07918
2.82508 0.514313
0.000697082 3.68589
0.0526106 6.06522
0.314907 0.425758
0.00235238 0.396936
0.16213 1.35813
33.8524 1.85322
167.414 6.60757
1.43826 0.504374
0.00262095 2.19432
9.73514e-05 0.219419
16.8007 3.22068
0.00724193 4.08691
0.7565 0.320902
5.45363 1.39827
6.60047e-05 0.141639
3510.82 4.45313
0.0163668 0.67148
4.85844 5.20657
1103.27 1.06548
0.00828066 2.82546
0.00455832 0.200594
0.000105041 0.405868
0.0174067 2.08758
0.00776243 5.28705
0.000909554 1.94063
0.266583 0.455914
594.965 0.12987
8834.35 4.09028
5942.64 0.988947
683.58 5.72524
358.716 0.188843
1.8281 2.02694
0.000405781 1.93874
0.00165114 1.9491
0.00241562 2.65544
6.47626 9.93148
0.747359 1.0071
0.000875946 0.164093
0.234654 4.56045
8.84448 1.16679
0.0803786 0.122661
3.38966 0.982956
3.24289 0.191167
0.000356741 0.404348
16.9197 0.153304
0.000384784 8.83755
0.000582221 0.751036
0.00629887 2.10853
0.962522 0.165462
86.9618 0.104916
14.994 4.67679
475.874 2.43325
283.407 2.15077
0.00305778 2.39232
0.119939 0.272848
5.19239 5.07956
6.85312e-05 2.55515
0.00063044 2.31429
0.0590418 0.129784
0.101354 4.54033
0.00134311 1.02012
0.00023149 0.894255
0.00107992 1.91653
36.3921 7.23413
5.10576 7.0111
323.242 4.3564
0.606879 4.27631
28.1598 5.71292
0.00161003 0.477988
0.000313296 6.80445
984.124 5.79869
0.0422205 0.201896
0.0295002 6.20265
0.0959871 1.16124
0.0114106 0.18281
8818.05 0.180666
0.000201547 4.78863
0.000597549 2.18458
8.57957 0.861394
4806.8 3.43414
2608.49 6.47783
19718.3 0.401856
0.000391544 0.179703
0.000185851 0.661447
237.09 1.2192
0.00117594 1.92679
12.5285 0.172813
0.000353921 0.138141
80.9827 2.92233
162.768 1.00851
2.07381 2.05098
0.00199847 8.53868
12594.6 1.154
4.16749 1.74117
0.342091 0.270796
0.37026 4.03964
25.1156 6.39075
135.726 4.77528
0.384154 1.00049
0.114335 0.703223
0.00141438 3.34521
12.7015 2.76963
0.0477901 0.20469
5.60351 0.172823
4.43459 6.52367
0.000212055 3.43755
9.66343 0.502101
0.0138641 0.152613
1.73659 0.281317
0.00289219 1.41984
0.619848 3.01998
7947.54 0.302881
6658.89 0.228481
0.000517124 1.49962
0.000943984 1.4205
0.00558498 7.95398
0.000556345 0.459764
3.39804 9.44522
0.00438617 1.69777
0.00483864 0.504747
0.00178079 9.10402
2.06822 0.915637
1984.34 1.60508
0.047475 8.30093
0.331061 1.41291
0.000216649 3.9079
0.0887105 0.297345
0.00779248 0.582958
6001.49 2.15714
12226.6 9.6226
5209.67 2.65833
1.26943 3.73422
0.320818 4.54204
54.5842 0.208572
553.137 0.196983
149.682 0.114709
0.00749661 2.4102
1.13524 3.0711
0.127241 5.54806
0.000959658 0.240428
12295 5.41176
5.02486 0.293474
0.269718 3.67375
83.9056 0.37563
0.000364779 4.49691
2.20814 0.158095
1521.36 6.19192
562.993 0.56036
3503.2 2.8815
4.32562 2.71485
4.63074 0.590597
4.21068 0.261028
0.00959248 0.227664
10741.7 0.393269
0.0122637 7.89917
6.54528 2.48653
1.55031 0.128216
0.995911 3.84779
1903.75 1.86486
969.086 0.246917
35.9821 1.28567
303.728 0.28389
0.000170352 2.14821
11.4479 0.256429
15.4921 0.791547
4436.74 2.36438
0.000103936 0.285223
1987.72 2.2163
0.00106269 4.1857
1060.93 1.64203
0.528583 0.389251
17.5402 1.81207
17188.6 0.315168
3.12816 5.1206
1760.11 1.57341
0.000141581 0.186153
0.00043137 0.147097
0.000302636 0.215415
0.0620052 0.352516
0.288348 3.04732
44.4888 1.81634
1.23502 0.25706
12018.5 0.24247
0.9423 0.221305
0.00231997 2.19811
2456.04 2.60215
1.48468 0.637901
0.0369282 0.18374
9.62601 3.80942
0.0304311 0.178947
410.476 0.424536
0.0012147 1.15925
0.00254718 6.85895
11780.1 0.229216
1.27435 0.239628
66.6225 3.58149
0.00598229 0.328767
0.0221062 0.172039
1009.92 1.93305
8.36517e-05 0.405136
31.5365 0.107168
481.77 2.987
1784.69 0.777237
10.9535 1.9906
0.00443197 0.831683
0.156662 3.86354
1.13826 6.2312
35.7739 0.343617
9.6093e-05 0.100824
0.00173911 0.109842
6438.14 9.14452
24.648 3.06129
17596.7 9.91319
7.19954 1.07003
516.96 9.23298
9.00378e-05 0.36728
0.00175515 0.53044
0.0161166 0.41462
0.00569721 3.82567
1386.69 1.14285
0.000407606 8.03812
