14.0
11.6
10.3
8.0
7.0
8.1
9.7
9.4
9.4
11.5
9.6
13.8
11.2
9.5
9.4
6.0
11.3
6.5
8.5
12.8
11.4
7.4
13.2
10.5
14.0
7.4
8.3
9.2
6.0
7.0
8.5
8.2
8.6
11.1
11.2
7.7
6.9
8.5
14.8
9.2
13.1
8.4
7.7
8.6
10.1
9.9
11.3
9.9
6.5
8.1
10.4
10.3
8.0
10.3
8.6
8.8
5.8
11.2
11.2
11.2
10.5
10.1
9.0
8.0
11.4
10.1
11.5
8.6
9.6
8.8
10.9
7.7
10.6
9.0
9.1
9.5
10.6
14.4
8.8
6.6
7.8
8.8
8.4
9.4
10.4
11.1
8.5
8.1
9.1
8.4
7.3
10.5
8.5
8.2
8.9
12.1
8.0
17.9
7.0
6.2
9.7
10.0
9.9
8.4
7.5
7.5
7.9
8.9
8.4
9.2
8.5
11.2
8.6
8.6
8.1
8.7
7.4
8.2
10.2
5.1
13.3
9.9
6.9
8.4
7.8
8.6
7.6
10.7
11.5
7.3
10.9
6.0
7.3
7.2
8.2
12.1
9.4
9.9
10.0
6.3
11.8
8.6
9.3
9.0
9.9
9.1
10.3
8.7
7.6
5.8
6.8
8.1
7.5
6.9
7.0
6.3
9.0
13.9
7.3
9.4
9.9
7.4
9.8
8.9
10.5
9.1
10.4
8.5
9.6
8.0
8.1
10.8
6.0
10.7
8.6
8.6
7.6
7.0
14.6
10.5
9.4
10.1
8.3
9.1
8.9
13.9
7.4
9.7
10.9
8.8
9.8
8.8
12.1
9.0
11.9
9.5
10.3
9.3
8.1
9.6
10.2
14.5
6.4
10.5
8.2
7.6
8.3
8.8
9.2
10.0
9.5
15.9
7.2
9.1
8.1
9.3
7.2
8.5
8.7
10.8
10.1
10.0
9.7
10.3
7.4
10.3
5.7
9.9
9.3
14.7
9.6
6.9
7.8
8.1
7.0
10.3
8.2
6.9
10.2
7.1
10.2
8.3
6.2
10.6
8.3
8.9
7.5
8.9
10.0
7.6
9.2
9.6
10.7
15.0
9.5
9.4
10.8
8.4
7.0
10.2
7.9
10.9
9.8
5.6
18.7
12.9
11.5
9.4
19.5
7.5
8.3
7.3
8.2
10.2
7.5
14.2
8.8
8.3
9.5
7.7
7.7
10.0
10.0
6.3
8.0
13.8
8.5
7.8
12.5
8.2
7.7
9.7
7.6
9.9
10.4
11.4
8.8
10.5
7.4
8.9
11.5
8.4
9.5
10.0
14.6
7.5
9.4
8.3
11.7
9.5
9.2
10.3
10.5
6.9
10.8
7.0
9.7
14.9
9.1
10.3
7.0
11.4
10.2
8.3
9.1
11.5
8.4
9.4
8.9
8.7
11.4
10.3
10.0
7.9
7.3
12.7
6.7
9.9
10.4
11.0
7.7
8.6
10.7
10.9
6.9
7.7
12.5
11.4
6.5
8.5
9.9
11.8
14.3
8.8
8.5
4.6
10.3
11.0
12.8
8.5
8.9
9.3
8.6
8.0
12.1
9.9
17.3
11.1
7.7
8.0
10.1
10.4
7.8
8.6
11.2
8.3
7.1
6.9
7.8
8.8
9.5
8.8
9.9
8.7
12.5
14.5
8.4
10.0
8.9
11.4
9.2
8.6
9.6
9.6
9.6
7.6
10.7
9.4
8.0
11.8
10.4
8.7
9.1
7.5
13.2
8.3
9.4
9.3
9.5
10.1
10.4
6.6
6.8
8.8
8.1
13.0
9.3
9.3
8.4
8.3
12.0
9.1
8.3
7.7
13.9
8.5
8.4
9.4
9.4
9.4
10.4
10.3
7.8
7.5
9.0
10.1
10.7
16.1
8.9
8.4
9.3
9.5
11.0
6.8
8.7
10.8
11.1
7.3
9.4
7.7
8.3
12.8
12.1
9.2
10.5
7.6
12.9
11.6
7.2
9.9
11.0
9.9
11.3
10.7
11.6
7.9
8.1
7.5
9.8
9.3
6.0
7.7
8.7
7.9
9.6
11.0
7.1
9.3
8.5
11.2
7.0
9.2
10.5
10.3
9.2
9.3
8.5
7.1
8.1
9.8
9.1
7.8
9.2
7.6
11.2
12.1
10.1
8.5
10.3
7.3
10.1
8.1
8.4
10.1
10.2
8.6
9.0
8.6
11.4
9.1
7.7
8.8
10.8
10.3
7.6
9.1
8.4
7.0
10.1
10.4
11.0
8.0
8.0
9.3
10.2
8.5
9.3
8.0
8.4
9.2
10.4
9.8
8.1
7.6
8.9
9.3
10.6
8.6
7.7
9.9
8.5
5.6
9.6
9.2
10.4
7.9
8.5
13.4
8.0
8.0
9.9
11.7
10.3
8.2
10.0
7.1
7.0
12.5
9.7
8.8
8.9
6.7
8.5
11.2
8.8
9.6
17.5
8.1
8.6
10.7
7.7
8.3
13.0
7.1
10.3
16.0
8.2
8.9
10.5
7.9
10.5
7.8
10.4
7.3
8.7
8.3
9.2
8.4
11.1
10.0
8.8
10.9
10.5
7.7
10.6
10.0
8.5
8.5
8.7
10.8
8.9
10.1
9.3
9.9
12.1
8.7
10.8
18.3
9.3
10.4
10.9
7.1
8.1
12.6
6.8
9.4
8.7
8.3
9.2
11.9
9.3
9.2
9.2
6.3
8.0
13.7
10.5
8.1
7.2
8.7
9.1
10.3
6.9
12.2
10.3
10.8
7.2
7.8
8.9
8.6
8.9
10.3
15.4
9.1
11.2
10.1
10.0
8.5
18.4
7.9
22.9
10.8
10.0
6.9
8.2
7.6
9.8
8.1
15.7
8.4
11.0
7.8
9.4
9.2
9.4
9.3
8.2
8.3
6.1
8.4
9.6
8.5
10.7
9.3
9.3
7.8
8.5
10.6
11.2
10.1
9.6
10.5
10.6
9.6
7.3
7.8
7.6
9.1
8.0
8.6
8.9
9.5
7.6
10.2
10.6
9.7
7.3
9.7
8.1
7.4
8.7
11.1
8.0
6.9
13.1
9.4
10.0
7.1
8.3
11.3
7.9
9.6
9.4
7.9
9.0
9.5
8.1
9.6
9.9
8.7
10.5
10.5
8.3
9.9
7.9
9.7
8.7
8.4
10.0
8.7
9.1
7.0
9.4
9.2
9.2
8.7
7.3
8.1
12.8
8.9
9.9
8.1
6.8
9.3
9.3
8.8
10.6
8.4
7.2
10.7
11.1
10.3
7.6
10.2
10.2
9.2
12.1
9.1
12.4
9.5
7.8
10.3
8.7
13.1
9.7
11.1
8.1
8.9
9.4
12.2
6.5
11.4
7.2
8.6
7.8
7.5
8.4
7.0
8.8
9.9
9.1
7.2
11.9
9.9
9.3
8.1
7.4
8.3
8.0
6.7
8.0
11.1
7.7
10.4
11.8
10.2
9.5
7.2
9.4
9.7
8.2
9.9
11.5
10.0
10.3
7.0
8.0
8.5
9.1
8.2
10.0
9.2
6.9
7.0
6.3
7.8
9.3
8.0
9.6
9.7
8.4
9.4
10.7
8.2
10.7
6.6
9.7
10.3
7.5
7.8
10.6
8.5
7.8
10.6
6.8
7.7
7.0
7.5
9.0
9.1
9.7
10.4
8.8
11.2
10.2
11.9
9.6
8.9
8.2
7.4
9.7
7.0
9.8
9.7
7.2
7.8
10.1
9.0
9.2
9.7
8.5
9.2
9.0
6.5
10.1
12.1
9.7
7.3
9.4
12.9
9.4
9.1
8.7
11.8
7.7
8.1
12.4
8.1
8.4
12.1
9.8
8.8
8.8
13.5
7.6
9.3
10.2
10.5
10.6
8.4
9.2
10.4
10.6
9.6
9.6
9.4
9.3
8.6
7.3
7.7
9.8
7.8
7.6
9.0
6.5
9.6
8.9
8.4
12.8
9.1
12.3
9.3
9.5
7.9
10.3
13.5
10.2
10.2
7.7
9.9
10.3
7.2
8.8
8.4
8.7
7.6
8.8
8.9
9.9
10.3
8.7
8.9
9.6
8.7
9.2
9.7
9.3
8.6
10.2
7.4
8.2
8.5
10.3
7.8
13.3
9.0
8.9
8.4
8.5
9.8
9.5
6.5
8.0
11.3
9.2
12.6
14.1
8.8
8.9
9.9
8.9
10.2
9.1
10.3
9.3
7.7
8.5
7.4
8.3
8.0
9.6
8.8
8.4
11.9
10.8
9.2
8.3
8.3
8.6
9.3
8.6
8.1
10.1
6.7
8.2
6.7
8.3
9.4
7.9
8.3
6.0
8.9
10.3
8.9
9.7
8.4
8.0
8.2
11.7
16.0
# Found 1000 complete reps.
# mean(depth) = 9.3547.
# std (depth) = 1.919765066355777.
# sem (depth) = 0.0607083018210854.
