11.5
9.2
12.1
10.7
9.4
8.2
9.0
11.3
7.6
13.7
7.0
9.0
10.2
8.7
13.3
10.1
11.5
9.4
7.8
12.6
8.8
7.8
8.6
8.4
9.1
10.5
9.1
9.4
10.8
8.9
10.1
12.3
10.3
10.2
9.7
9.2
9.0
8.1
7.9
12.5
11.6
7.4
9.0
10.1
6.0
9.7
7.0
14.3
7.6
10.8
8.8
5.3
9.6
12.1
7.0
14.5
12.3
8.1
9.7
10.1
7.5
9.8
9.0
11.8
9.5
10.5
6.4
7.7
9.3
11.3
11.0
7.2
9.2
7.1
12.3
8.8
11.1
9.2
12.4
8.1
11.1
7.2
9.9
9.0
11.5
10.5
10.8
10.2
8.2
9.8
9.6
8.5
8.0
9.3
9.4
9.9
7.7
7.3
10.8
10.0
10.3
11.0
8.0
6.7
10.7
9.6
10.2
9.1
6.8
12.8
11.0
9.4
9.9
9.6
9.9
8.9
8.9
11.3
10.7
9.6
9.5
8.3
10.7
8.6
10.9
10.4
12.0
10.9
10.1
10.6
7.7
9.5
4.9
13.4
8.8
7.8
7.0
9.7
11.2
8.9
13.3
11.7
9.1
10.3
11.8
7.9
9.9
8.4
9.8
8.5
11.7
9.6
9.0
9.5
8.6
10.5
7.4
8.8
9.6
10.8
12.2
11.9
8.9
10.7
7.6
9.2
8.3
12.2
9.9
9.2
12.2
7.6
9.5
11.2
8.5
11.3
11.2
10.1
11.5
11.3
8.6
7.9
8.8
8.5
7.0
11.4
10.3
10.2
11.2
12.6
8.0
11.1
6.7
7.6
8.2
9.6
7.7
12.1
9.5
14.5
9.6
8.3
8.1
11.6
6.7
9.4
9.2
7.2
11.0
10.1
10.6
7.3
9.2
9.1
11.5
9.6
14.4
10.2
6.6
10.6
11.6
7.5
6.1
20.7
10.1
7.7
10.2
13.5
8.1
10.4
10.3
8.1
7.8
7.8
11.5
9.4
9.0
14.5
10.7
9.5
11.2
8.3
9.6
9.0
11.8
9.5
7.3
9.6
8.1
11.0
9.0
7.8
16.2
8.4
9.6
10.7
13.3
8.9
10.8
12.0
8.2
10.4
11.6
11.6
8.1
7.6
9.0
7.7
7.9
9.8
8.5
10.0
8.0
11.7
14.7
7.0
11.2
10.0
9.6
7.9
9.0
9.3
9.8
8.0
10.6
8.0
7.0
9.7
11.0
10.9
9.4
9.2
10.0
9.9
9.1
11.6
10.8
9.0
11.6
10.8
9.8
8.8
10.4
6.2
12.3
7.1
8.4
8.9
10.7
8.4
8.0
8.8
8.8
5.7
10.9
8.8
11.2
8.4
7.9
7.3
11.0
10.5
8.2
9.2
6.7
10.8
10.7
9.5
11.6
6.8
10.1
11.5
7.8
9.6
9.6
9.7
5.3
9.8
8.5
9.9
12.6
8.5
7.9
9.4
9.9
9.7
9.6
8.6
10.6
11.5
9.4
6.5
8.7
10.1
10.7
9.8
9.1
8.2
13.0
8.8
8.7
8.8
14.0
10.7
10.9
10.3
10.1
6.8
11.1
10.0
11.3
8.6
11.0
9.0
13.1
9.1
11.7
7.8
8.6
9.0
8.8
8.9
6.9
11.7
10.6
12.1
11.0
9.9
8.5
10.8
10.5
7.5
11.0
11.3
9.8
11.4
10.3
9.1
11.6
11.0
9.9
10.3
10.7
8.5
8.0
10.6
7.4
10.2
9.7
13.8
12.9
8.0
8.2
11.8
8.5
9.6
9.8
10.5
7.1
7.1
8.6
11.3
10.0
11.2
9.7
11.7
9.4
9.6
9.1
9.5
11.0
11.0
9.7
9.6
10.8
8.5
9.6
5.7
5.7
7.8
11.2
6.8
7.8
9.0
8.9
8.9
10.9
10.1
9.1
9.2
9.8
12.1
8.8
9.7
9.4
8.9
10.1
14.1
10.5
9.0
7.4
8.2
12.5
10.6
9.9
8.7
6.4
9.0
10.4
12.2
8.9
8.4
10.2
8.2
11.4
7.8
7.9
8.6
9.9
7.6
8.7
7.4
8.6
7.1
9.6
10.3
9.6
10.0
8.6
9.5
8.4
7.8
8.9
12.1
10.2
5.6
9.6
11.1
10.7
10.9
8.0
8.5
8.9
10.8
12.6
8.4
10.5
12.4
10.1
10.7
10.8
10.2
9.4
10.6
12.0
8.1
9.8
7.3
11.1
11.0
8.1
9.0
12.6
9.1
7.3
10.3
9.8
9.1
12.1
12.0
6.5
10.3
9.3
7.2
11.0
7.6
7.0
11.8
9.5
12.1
8.2
11.5
11.0
13.8
10.4
10.3
10.1
9.1
9.6
8.7
8.8
7.3
9.2
10.6
11.8
8.2
10.8
9.4
11.3
7.1
9.9
6.5
6.8
9.2
9.2
10.4
9.4
8.3
10.5
9.3
10.0
7.8
11.0
7.3
10.5
9.8
10.5
8.7
10.7
9.0
8.9
11.0
9.3
10.1
12.1
9.5
9.2
10.6
9.8
7.3
11.5
11.1
9.6
7.6
9.5
9.7
9.7
9.8
9.3
10.9
11.3
11.0
8.7
6.8
7.6
10.2
11.3
13.5
9.0
10.2
8.9
8.2
9.6
14.2
9.3
9.9
10.9
10.1
10.3
10.0
8.8
12.0
9.3
8.4
7.2
11.1
10.4
11.5
11.0
10.3
10.1
7.5
10.0
8.5
11.0
8.9
5.2
9.7
8.5
10.7
9.2
9.1
8.2
7.1
12.9
7.6
12.1
8.7
11.2
10.7
8.6
8.2
8.3
8.2
8.3
7.2
7.9
10.8
10.3
9.3
15.4
11.3
8.3
16.1
11.5
10.3
10.1
8.5
8.3
11.3
7.8
10.9
7.4
8.5
7.6
8.3
9.8
7.9
13.5
8.5
9.7
13.4
10.5
8.2
8.5
11.2
9.2
9.7
10.3
11.9
8.0
9.3
10.0
10.3
11.5
9.4
10.6
7.7
12.1
7.2
12.0
8.9
10.2
7.7
11.9
8.7
9.5
9.5
9.7
9.5
7.6
7.2
8.9
11.1
12.8
8.9
11.3
12.8
7.7
9.9
8.0
7.8
10.2
7.6
8.3
6.7
9.5
8.3
9.3
8.9
11.0
10.2
7.9
10.0
9.7
9.1
9.7
9.8
9.7
11.0
8.3
11.6
10.0
9.2
10.5
11.2
10.1
9.0
8.3
10.0
11.6
8.8
8.6
7.8
9.2
8.5
8.8
8.5
8.5
12.0
8.2
8.6
9.2
8.9
10.5
6.5
8.3
10.1
11.6
13.1
9.7
9.8
8.8
7.4
8.9
7.7
8.7
9.3
9.3
11.5
9.8
12.4
11.4
9.1
11.6
7.9
9.4
11.8
6.9
9.6
9.4
9.2
8.4
11.1
10.8
8.8
10.8
21.4
11.6
11.9
9.8
8.5
10.1
14.9
8.3
9.9
11.0
8.4
11.5
8.4
8.0
9.7
11.5
11.4
12.7
10.8
10.1
9.3
9.0
11.2
13.4
8.8
10.3
10.7
7.5
9.9
8.6
11.2
7.8
13.8
13.4
8.8
8.8
8.0
7.0
9.3
10.9
9.4
12.6
11.0
9.1
9.7
6.7
8.6
10.3
9.5
7.8
6.3
9.3
10.5
7.8
8.1
7.3
8.5
9.7
6.5
8.7
6.6
10.3
11.0
14.2
13.2
8.2
10.4
11.8
9.7
11.5
9.3
8.3
10.2
9.3
8.3
11.1
9.5
8.8
10.7
10.6
7.9
8.5
9.3
8.9
11.2
12.5
9.2
9.4
8.9
8.8
7.4
8.6
10.2
10.8
11.7
9.6
9.4
10.8
8.1
10.0
11.1
11.3
8.9
12.0
9.3
12.0
11.5
7.7
7.6
10.7
9.4
10.7
8.4
9.0
9.0
8.1
9.2
8.9
9.0
10.4
6.1
7.6
9.5
8.0
7.3
8.6
9.0
6.4
10.6
10.8
8.5
8.7
7.3
9.5
10.1
8.2
8.0
7.4
9.2
10.0
12.7
8.5
9.9
13.5
9.5
8.4
7.9
8.9
12.1
6.8
11.9
9.9
8.6
9.2
9.1
5.1
11.1
9.3
10.5
8.9
9.4
8.1
15.5
9.3
9.2
9.1
11.6
9.0
11.3
13.1
9.2
8.4
9.8
9.4
6.3
8.5
8.8
7.0
11.9
9.2
10.8
7.2
13.7
10.1
10.6
6.6
8.4
9.3
10.9
8.5
8.6
11.0
8.1
9.3
7.7
10.3
5.2
9.1
8.4
10.9
8.6
9.0
10.9
# Found 1000 complete reps.
# mean(depth) = 9.6495.
# std (depth) = 1.7755618124976666.
# sem (depth) = 0.05614819453909448.
